0.137037037037037
0.016666666666666663
0.1610260770975057
-0.25
0.09693877551020409
0.4166666666666666
0.38733766233766226
0.5125000000000001
0.37827380952380946
0.59375
0.7333333333333334
0.22386701839826845
0.24380341880341883
0.5375000000000001
0.32769230769230767
0.2252747252747253
0.3326388888888889
0.33
0.3924603174603175
0.4875
0.2381076388888889
0.4908653846153846
0.13
0.19322916666666665
0.19340277777777776
0.1585164835164835
0.21220238095238098
0.30224637681159416
0.2915642950799201
0.1725970017636684
0.29755938505938506
0.3
0.25788888888888895
0.27178571428571424
0.2477272727272727
0.049953703703703695
0.27974161255411256
0.14722222222222223
0.49261363636363636
0.27253472222222225
0.46333333333333326
0.3092261904761905
0.26666666666666666
0.2912878787878788
0.3025
0.31642857142857145
0.41388888888888886
0.2590909090909091
0.26416666666666666
0.5
0.5125000000000001
0.16666666666666666
0.10530303030303027
0.23342592592592595
0.35526315789473684
0.31249999999999994
0.3333333333333333
0.31529720279720286
