0.3583333333333334
0.024999999999999998
-1.0
0.06336805555555555
0.27032142857142855
-0.08914141414141415
0.03840579710144927
0.053125000000000006
0.44772727272727275
-0.018614718614718615
0.4579761904761905
0.07916666666666666
0.5223376623376623
0.1516666666666667
0.2795454545454546
0.225
0.2885281385281385
0.35976190476190484
0.28158369408369416
0.31996685606060604
0.4253333333333333
0.2872448979591837
0.2638429752066116
0.2293181818181818
0.14982142857142858
0.335
-0.39999999999999997
0.5710714285714286
0.44666666666666666
0.11894841269841268
-0.21498236331569665
0.43000000000000005
0.014100000000000012
0.3241666666666667
-0.09890572390572391
0.17500000000000002
0.09150793650793651
-0.4
0.015740740740740732
-0.06435786435786435
0.22272727272727275
0.4602272727272727
0.0
-0.0625
0.05750000000000001
0.15339285714285716
-0.04351851851851851
0.062499999999999986
0.022727272727272728
0.15833333333333333
0.2872727272727273
0.1782967032967033
0.38
0.425
0.29596306471306466
0.26666666666666666
0.28030303030303033
0.0832217261904762
0.2340909090909091
0.2694444444444445
0.5964285714285714
0.08374999999999999
0.22588903743315508
0.47187500000000004
0.5270833333333333
0.35729166666666673
0.44166666666666665
0.18601190476190477
0.4366666666666666
0.05
0.3879464285714286
0.15175213675213675
0.32250000000000006
0.5687500000000001
0.1338235294117647
0.44702797202797195
0.5249999999999999
0.2798686868686869
0.18095238095238098
0.251875
0.655952380952381
0.43121693121693117
0.26875
0.38
0.22583333333333327
0.1878684807256236
-0.11285714285714286
-0.19999999999999996
0.16821428571428576
0.06739130434782607
0.23697368421052634
0.11750000000000001
0.24285714285714288
0.3678571428571429
0.23214285714285715
0.4375
0.1210279304029304
0.3166666666666667
0.017187500000000005
0.37099567099567105
0.02047619047619047
0.15333333333333332
0.5308333333333334
0.09999999999999999
-0.0732142857142857
0.30312500000000003
0.052461734693877556
0.13125
-0.03989125953411669
0.49333333333333335
-0.09583333333333334
0.09375
0.45788352272727273
-0.06666666666666667
0.875
-0.5
0.195
-0.39714285714285713
0.18333333333333332
0.14750000000000002
0.3292857142857143
0.3520833333333333
0.05277777777777778
0.37916666666666665
-0.3333333333333333
0.21173160173160177
0.3333333333333333
0.2842283549783549
0.35588474025974026
0.2240909090909091
0.44419642857142855
0.062107843137254905
0.3549832743014561
0.2119281045751634
0.20738636363636367
0.3449404761904762
0.2111111111111111
0.3564236111111111
0.08707264957264957
0.221218487394958
0.338
-0.07214285714285713
0.05531746031746033
0.26375
0.2857142857142857
0.004365079365079368
0.28088235294117647
0.03641794987922704
-0.2701719576719577
0.07493686868686868
0.33571428571428574
-0.012857142857142859
-0.65
0.11666666666666665
0.4168154761904762
0.0008242143658810251
