0.2090909090909091
0.2655808080808081
0.4
0.6666666666666666
0.23660714285714285
0.05512152777777778
0.1518421052631579
0.0062500000000000056
0.03207120811287478
-0.29375
0.27767857142857144
0.05625
-0.6666666666666666
0.20833333333333337
0.36583333333333334
0.3028409090909091
0.0
-0.02395833333333333
0.330952380952381
0.4136574074074075
0.15816326530612246
0.43333333333333335
0.22651515151515147
0.0731060606060606
0.0
0.2590909090909091
0.1618975468975469
0.08567122841316391
0.24270833333333333
-0.09687499999999999
0.24875
0.1277777777777778
0.8500000000000001
-0.5666666666666667
0.159484126984127
0.2855902777777778
-0.0654320987654321
-0.05735677083333333
-0.3125
0.33012827611664824
0.07107142857142858
0.825
0.42777777777777776
0.09265873015873016
0.4125
-0.09953703703703703
0.06847426470588236
0.06927536231884057
0.11196969696969697
0.0
0.33771645021645025
-0.4791666666666667
-0.2125
0.11174948240165634
0.17941729323308273
0.1660714285714286
0.08333333333333333
0.11715067340067338
0.45
0.21975108225108228
0.32857142857142857
-0.06666666666666665
0.24184981684981685
0.17395833333333333
0.25242733457019173
0.33333333333333326
0.39285714285714285
0.43333333333333335
0.09496527777777776
-0.20833333333333334
0.1686213991769547
0.016666666666666663
0.45390624999999996
0.11104497354497356
0.13761904761904764
-0.0050000000000000044
0.221328429800652
0.31071428571428567
0.05937500000000001
0.027975438912938917
0.194296875
0.022777777777777772
0.26991341991341994
-0.012500000000000011
0.20999999999999996
0.36886111111111114
0.2426470588235294
0.13958333333333334
0.38888888888888884
0.16666666666666666
0.16458333333333336
0.15711880711880713
0.64
0.11990740740740741
0.28214285714285714
-0.04166666666666667
-0.024999999999999994
0.33444444444444443
0.275
0.4666666666666666
-0.05
0.48125
-0.3333333333333333
0.3069225606909431
0.07142857142857144
-0.5666666666666665
0.2
0.11026334776334776
0.5
-0.06448148148148149
0.41277777777777774
0.4096296296296296
0.10486111111111111
0.16308686755952384
0.15426682692307694
0.14821428571428572
0.138474025974026
-0.03210000000000001
0.03676470588235294
0.13333333333333336
0.4
0.3454234654234654
0.10208333333333336
0.27055916305916305
-1.0
-0.031481481481481464
0.27360847485847484
0.6743861607142857
0.04868837759462759
-0.5
0.2671428571428572
-0.18312499999999998
0.013636363636363634
0.0743939393939394
0.023313492063492064
0.4261904761904762
0.5791666666666666
0.08863636363636364
0.43125
0.17614425505050507
0.45714285714285713
0.16113636363636363
0.5
-0.11875000000000002
0.049528769841269825
0.2097532242063492
0.03333333333333334
-0.0971153846153846
0.5
0.32499999999999996
0.35333333333333333
-0.07499999999999998
0.014814814814814808
-0.02944444444444444
-0.08181818181818182
0.36874999999999997
-0.15462962962962962
0.1048148148148148
0.079375
0.003516483516483516
-0.13086419753086423
-0.075
-0.1107142857142857
0.24702020202020206
0.49583333333333335
-0.04285714285714285
0.09375000000000003
0.280719696969697
0.25
0.15625
-0.09444989669421487
0.23345238095238097
-0.5
0.07977272727272727
0.12272727272727273
0.10520833333333333
0.07672558922558921
0.875
0.36875
0.17638888888888887
0.06505736714975843
0.29490514387573213
0.34375
-0.004395604395604406
0.08971861471861471
0.17888888888888888
0.15688405797101448
0.23974358974358975
0.13712121212121212
0.30992647058823536
-0.001388888888888884
0.2053571428571429
0.25
0.09577380952380952
0.029166666666666674
-0.1405555555555556
0.02941176470588236
0.18664999999999998
-0.19999999999999998
0.10702260702260702
0.3002083333333333
-0.011237373737373737
0.2392857142857143
0.2895833333333333
0.39714285714285713
0.10348148148148152
0.4151515151515151
0.03645833333333333
0.08499999999999996
0.33095238095238094
0.20472883597883595
0.515
0.13936107295482292
0.030797101449275378
0.49066666666666664
0.37857142857142856
0.351171875
0.2583333333333333
-0.23258928571428572
0.07656250000000003
0.7083333333333334
0.33928571428571436
0.2629464285714286
-0.022500000000000003
0.35833333333333334
-0.047115384615384615
0.3181818181818182
-0.22444196428571428
0.095
-0.15925925925925924
0.65
0.30316498316498314
0.23111111111111113
-0.14201388888888888
-0.05680440771349862
0.46458333333333335
-0.29911111111111116
0.65
0.15
-0.15000000000000002
0.25178571428571433
0.34027777777777773
0.18
0.4483928571428572
0.022380952380952404
0.17857142857142858
0.23124999999999998
0.4676948051948052
0.26346153846153847
0.3125
-0.3232142857142857
0.3911764705882353
0.4539285714285714
-0.171875
0.058333333333333334
0.6950000000000001
0.1786931818181818
-0.23214285714285715
0.09555555555555556
0.27187500000000003
0.16666666666666666
0.5214285714285714
0.12613636363636363
-0.285
0.1451099537037037
0.3169642857142857
-0.012499999999999997
0.03452380952380951
0.10606060606060606
-0.08916666666666666
-0.06010101010101009
-0.11403061224489797
0.2875
0.8025
0.08633540372670807
0.24404761904761904
0.29646464646464654
0.024999999999999998
-0.12000000000000002
0.2304890422077922
0.6333333333333334
0.15733338299127775
0.2899305555555555
0.26562500000000006
-0.17250000000000001
0.025340909090909105
0.193587962962963
0.07625661375661374
-0.002499999999999994
0.25
0.22205882352941178
-0.325
0.1181754519989814
-0.3333333333333333
-0.20486111111111108
0.35714285714285715
0.625
0.09819788797061525
0.026719114219114236
0.15390625000000002
0.1386243386243386
0.2761904761904762
-0.3180555555555556
-0.2
0.21666666666666667
0.3431818181818182
0.15092592592592594
0.4090277777777778
0.19821428571428573
0.007211538461538462
0.17250330687830687
-0.09999999999999999
-0.1682857142857143
-0.011904761904761899
-0.30238095238095236
0.17523448773448771
0.016636904761904776
0.42682539682539683
0.13267543859649122
-0.07685185185185188
0.07777777777777778
0.24583333333333335
0.2090017825311943
-0.08055555555555553
0.2142857142857143
0.45904761904761904
-0.1675925925925926
0.36
0.36335459183673474
0.05073863636363638
-0.1359375
0.55
0.1122222222222222
0.07037037037037036
0.16109142270159224
