0.20416666666666666
0.30625
0.001953125
0.4160714285714286
0.28281249999999997
0.016666666666666666
0.19583333333333333
0.11249999999999996
0.29409090909090907
0.2730059523809524
0.18333333333333335
-0.2
0.75
0.05550000000000003
0.3350319602272727
-0.01691176470588236
0.2875
0.21792929292929294
-0.32499999999999996
0.16796130952380953
-0.384375
0.1637820512820513
0.0
0.4678571428571429
0.1492113095238095
0.2338888888888889
0.016581632653061215
-0.046969696969696974
0.12146304563492065
0.24037698412698413
0.12875
0.3962121212121212
0.41761363636363635
0.575
0.1364848484848485
0.154
-0.00925925925925926
-0.07323232323232323
0.17791666666666667
-0.048958333333333326
-0.29166666666666663
0.08304924242424244
0.1125
-0.125
0.05
-0.15373579545454547
0.57265625
-0.030952380952380953
-0.185
0.05833333333333333
-0.17407407407407413
0.2875
0.300974025974026
-0.13125
-0.08742042824074073
0.0027261904761904793
0.04791666666666666
0.21845238095238098
0.1569078947368421
0.018055555555555557
0.24285714285714285
0.27888888888888885
0.3791666666666667
-0.015277777777777769
0.3288897377132671
0.28766025641025644
0.21675637958532698
-0.030000000000000027
0.2768939393939394
0.20273569023569024
0.0
0.055555555555555546
0.3520833333333333
-0.12333333333333334
0.13588154269972452
0.4071428571428571
0.026190476190476184
0.07333333333333333
0.24375000000000002
0.20050505050505052
0.5458096590909091
0.32996632996632996
0.32900641025641025
0.3
0.6197916666666666
0.027023809523809537
0.06190476190476191
0.3055555555555556
0.6
0.2035714285714286
0.12189098780007872
0.14658189033189037
0.2795604395604396
-0.06608922101449276
0.10181159420289855
0.2526785714285714
0.24553571428571427
0.2714285714285714
0.30833333333333335
0.6166666666666667
0.20833333333333331
0.14190971457920612
0.23796296296296301
0.30569444444444444
0.2839285714285714
0.12452380952380952
0.22946428571428573
-0.011773989898989905
-0.20999999999999996
0.046052631578947366
0.35833333333333334
-0.011538461538461537
-0.21874999999999994
-0.016666666666666666
-0.3666666666666667
0.08130341880341879
-0.18583333333333332
0.09711538461538463
0.2104591836734694
0.7020833333333334
-0.05277777777777778
0.38333333333333336
0.41119047619047616
0.10952380952380951
0.0325
0.2875
0.2447530864197531
0.18101851851851852
0.3238095238095239
0.34553571428571433
0.17461484593837534
0.09206349206349206
-0.05013020833333334
-0.2
0.16160714285714287
-0.11818181818181817
-0.00037954824942129883
0.3055555555555555
0.0738095238095238
0.24370982552800732
0.15055555555555558
0.36916666666666664
0.07445887445887446
0.1888392857142857
0.13833333333333334
-0.12525000000000003
0.25
0.35809523809523813
0.215
0.255952380952381
0.30595238095238103
0.32469696969696976
-0.04642857142857144
0.5595238095238095
0.08020833333333335
-0.271875
-0.0234375
-0.040530303030303
0.3980952380952381
0.2214285714285714
-0.125
0.35
0.18112440191387558
0.14604978354978357
0.01657407407407409
0.2214285714285714
-0.010714285714285723
-0.10520833333333332
0.2727222222222222
0.21570512820512822
0.17936507936507937
-0.41111111111111104
0.12272727272727274
-0.11617647058823531
0.2111111111111111
-0.04021739130434783
0.16151094276094277
-0.11163194444444444
-0.17777777777777778
0.2
0.19857142857142857
0.17500000000000007
-0.06666666666666667
-0.07916666666666666
0.165625
0.17146825396825396
0.3787037037037037
0.16926573426573427
-0.3063725490196078
0.33974358974358976
0.08722222222222221
0.1983333333333333
0.3222222222222222
0.18437499999999998
0.00022675736961449977
-0.033333333333333326
0.36
0.029791666666666668
-0.26666666666666666
-0.625
-0.10833333333333334
0.29257369614512474
0.0542289862914863
0.07343073593073592
0.047138047138047146
0.03928571428571428
-0.07124999999999997
0.2921378968253968
0.46875
0.19861111111111113
0.4822916666666667
0.0790313852813853
0.05
-0.04869614512471655
0.14537037037037037
0.38749999999999996
-0.2375
0.38981481481481484
0.2861630036630037
-0.10277777777777779
0.11562499999999998
0.3125
0.024999999999999998
0.15999999999999998
0.3
-0.0037976190476190523
-0.1659090909090909
-0.01892361111111111
0.05
0.234469696969697
0.0
0.19166666666666668
0.37
0.24823232323232325
0.14205500381970967
-0.004595959595959606
0.1405982905982906
-0.11041666666666668
-0.0062500000000000056
0.4119047619047619
1.0
0.39999999999999997
0.3547619047619048
-0.1606691919191919
0.47482993197278917
0.31717171717171716
0.16363636363636364
-0.04999999999999999
-0.11000000000000001
-0.06666666666666665
-0.06136363636363635
0.07604166666666666
0.048292824074074064
0.3075
0.21166666666666667
0.20666666666666664
0.24097222222222223
0.18916666666666668
0.11041666666666666
0.2511904761904762
-0.09032738095238094
0.7
0.019047619047619053
0.09739898989898992
0.275
0.02916666666666667
-0.07361111111111111
0.1962142857142857
-0.23998579545454546
-0.16666666666666666
0.037394957983193276
-0.0033333333333333383
-0.05277777777777778
0.08363095238095238
0.07944444444444444
-0.13333333333333333
-0.32222222222222224
0.30328947368421055
0.38338606770833333
-0.013055555555555565
0.25
0.11339285714285711
0.33012820512820507
-0.08750000000000002
0.07083333333333336
0.2970238095238095
0.14545454545454545
0.26875000000000004
-0.20249999999999999
0.85
0.25684523809523807
0.1315972222222222
0.16706349206349205
0.15625
0.175
0.024478551751279023
0.19199999999999995
0.3301215277777778
0.15476190476190474
-0.03333333333333335
0.3140625
-0.1257936507936508
0.13472222222222222
0.575
0.16
-0.1
-0.027604166666666666
-0.14999999999999997
-0.12307471264367817
0.10997354497354499
0.3083333333333333
0.18229166666666669
0.5555555555555556
0.2410922218213885
-0.22999999999999993
0.30188492063492073
-0.08928571428571427
0.21697530864197534
0.050710108604845434
0.030268199233716486
0.20833333333333334
-0.03616071428571428
0.13130570409982173
-0.5333333333333333
0.03333333333333334
0.628305785123967
0.16481481481481486
0.4666666666666666
0.006643356643356644
0.19222222222222224
0.35714285714285715
-0.2895833333333333
0.08750000000000002
-0.14250000000000002
-0.24833333333333335
-0.008999999999999968
-0.05454545454545456
0.32071428571428573
0.24642857142857144
-0.039999999999999994
0.20527597402597406
0.0
0.19999999999999998
-0.1339506172839506
-0.041666666666666664
-0.046875
0.15
0.2761363636363637
0.0
0.07645502645502646
-0.25
-0.26666666666666666
0.17669552669552666
0.0988095238095238
-0.10000000000000002
0.09444444444444448
0.09532967032967034
0.365
-0.13442460317460317
-0.00892857142857141
0.24741612554112552
0.1325
-0.045
0.23666666666666666
-0.13333333333333328
0.08821097883597884
0.75
-0.13333333333333333
0.6360677083333333
0.40625
0.024494949494949486
0.21948051948051944
-0.09285714285714286
0.09999999999999999
0.21268653433287577
0.3118506493506493
0.08958333333333333
0.32357142857142857
0.06074218749999999
0.25999999999999995
-0.1617108585858586
0.06575396825396826
0.028125
0.21372549019607842
0.007142857142857153
0.2558712121212121
-0.02711640211640209
