0.04687499999999997
0.1388888888888889
0.215
0.283982683982684
0.03625
0.15944444444444444
0.58
-0.5
0.31199999999999994
0.728125
-0.010119047619047614
0.24621212121212122
0.2530701754385965
0.11954022988505746
-0.10720238095238092
0.18723958333333335
0.4230769230769231
0.04814814814814814
0.1658653846153846
0.13799603174603173
0.48177777777777775
0.22166666666666662
0.20849206349206348
0.225
-0.0678787878787879
0.4347402597402597
0.27380952380952384
-0.04666666666666667
0.078125
0.27983630952380956
0.16461038961038962
0.12936688311688313
0.1784313725490196
-0.12083333333333332
-0.18050000000000002
0.1761904761904762
0.1820550181878307
-0.24166666666666667
0.29074074074074074
0.08020833333333333
0.3046875
-0.026719576719576716
0.65
0.5535714285714285
0.2546875
-1.0
0.14848484848484847
-0.325
0.7222222222222223
0.8
0.215702479338843
-0.042857142857142864
-0.11089743589743592
0.21666666666666667
0.25142857142857145
0.21512586805555559
0.20480769230769236
0.4992063492063492
-0.0375
0.10714285714285714
0.14604978354978354
0.15372549019607845
0.19167261904761906
0.23333333333333334
0.2119814213564214
0.3616450216450217
0.07903163580246914
0.1625757575757576
-0.18916666666666668
0.22000885478158205
0.25257575757575756
0.6666666666666666
-0.07685185185185185
-0.24791666666666667
-0.01315104166666664
0.11328125
0.0
0.24587412587412588
0.3464285714285714
0.18337962962962961
0.44999999999999996
0.3792798110979929
0.30277777777777776
0.13333333333333333
0.05808371735791092
0.06000000000000002
0.2885642135642136
0.2700000000000001
0.14290123456790124
0.07827380952380954
0.13148148148148148
0.3434659090909091
-0.03809523809523812
0.31875
0.38666666666666666
-0.0015624999999999984
0.056675170068027206
0.22424242424242422
0.2583333333333333
0.0625
0.22860449735449734
0.47532907196969704
0.0691156462585034
0.8083333333333332
0.037142857142857144
0.11747159090909093
-0.08928571428571429
0.4375
0.48958333333333337
0.09305555555555557
0.35
0.2418154761904762
0.3553174603174603
0.15512820512820513
0.05
0.010999999999999996
0.013492063492063491
-0.05056818181818182
0.4916666666666667
0.12903645833333333
-0.09722222222222222
0.3453703703703704
-0.15910714285714286
0.47500000000000003
-0.6286458333333333
0.14967948717948718
-0.2058441558441558
0.17116591080876795
0.21714285714285714
0.044423558897243115
0.49866666666666665
0.19467592592592592
-0.0016666666666666607
0.3158333333333333
0.31982758620689655
0.013675213675213679
0.3392857142857143
0.08705357142857142
0.023599206349206345
0.3125
0.15111111111111108
0.18
-0.37689732142857146
-0.255
-0.018181818181818188
0.125
0.08431447124304269
0.08403880070546738
0.5166666666666667
-0.046014404296875006
-0.23750000000000002
0.12824675324675325
0.575
0.4934765625
0.16744528619528617
0.36089225589225593
0.4229591836734694
-0.13242424242424242
0.55
0.1610822510822511
0.3147619047619048
0.37374999999999997
-0.021875000000000002
0.2402777777777778
0.5666666666666667
0.05833333333333333
0.2796296296296297
0.3739010989010989
0.19574592074592073
0.08333333333333334
0.04717261904761905
0.6166666666666667
0.1380952380952381
0.4
0.12678096757044124
-0.17116402116402116
0.13543307834201387
0.2633699633699634
0.3
0.3722348484848485
0.19652462121212122
0.17932291666666667
0.18000000000000002
0.44958333333333333
0.19107142857142856
-0.75
0.31500000000000006
0.21417685292257208
0.09273809523809524
-0.031609848484848484
0.08353174603174603
0.0
-0.04947916666666667
0.22083333333333333
0.0737179487179487
-0.25416666666666665
0.3773809523809524
0.5677083333333334
-0.8125
0.21666666666666667
0.02678571428571432
0.28802083333333334
0.17395833333333333
-0.030952380952380953
0.02474747474747474
-0.27272727272727265
0.17333333333333337
-0.14333333333333328
0.4185034013605442
0.1763888888888889
0.02500000000000001
0.13499999999999998
0.1851587301587302
0.312962962962963
-0.037083333333333336
0.2481203007518797
0.10591397849462365
0.1921717171717172
0.09999999999999999
0.5153571428571428
-0.5
-0.51
0.1737878787878788
0.22509920634920633
0.11489624505928855
-0.24285714285714288
0.16666666666666666
0.08606346483704977
-0.07999999999999999
0.21875
0.30476190476190473
0.1351190476190476
0.2712962962962963
0.20651260504201677
-0.41125
-0.4
-0.06666666666666667
0.0
-0.1510989010989011
0.12404761904761905
0.24895833333333334
-0.040757575757575756
0.17342436974789915
0.149025974025974
-0.050505050505050504
-0.011904761904761902
-0.10416666666666666
0.1422051282051282
0.16666666666666666
-0.17161458333333332
0.155
0.006846764346764345
0.36330687830687836
0.254765625
0.29305555555555557
0.49621212121212116
-0.02499999999999999
0.2
-0.029583333333333333
0.06666666666666667
-0.1875
-0.014583333333333313
0.01416666666666666
-0.03774062816616008
0.1274242424242424
-0.145
0.10642857142857146
0.203968253968254
-0.011111111111111134
0.4411363636363636
-0.00882395382395383
0.15208333333333332
0.15476190476190474
0.0
1.6835016835016942e-05
0.12546296296296294
0.0
-0.21250000000000002
0.027249053030303047
0.05755385487528344
0.39999999999999997
-0.16666666666666669
0.64
0.20370370370370372
0.2580065359477124
0.3100732600732601
0.146875
0.5066534914361001
0.3234083624708625
0.2024275362318841
0.65
0.2816666666666667
-0.15648148148148147
0.5873015873015873
0.6
0.035370370370370365
0.61875
-0.24166666666666667
-0.3791666666666667
-0.325
-0.09999999999999999
0.2628968253968254
0.13636363636363635
0.37738095238095243
0.11428571428571431
0.41538461538461535
0.17372049993017738
-0.008012820512820502
-0.04212962962962963
0.17333333333333337
-0.024999999999999998
0.2122222222222222
0.16051604916351014
-0.5700000000000001
0.24942129629629634
0.18594276094276094
-0.15625
0.17500000000000002
0.49089285714285713
-0.5416666666666666
0.289836860670194
0.24134615384615385
0.25035714285714283
0.3219047619047619
0.4708333333333334
-0.27024739583333335
-0.06666666666666665
0.15625
-0.0611111111111111
0.16855555555555554
0.6666666666666666
0.06295609152752007
0.0740740740740741
0.36250000000000004
0.2708333333333333
0.16102292768959442
-0.22256944444444446
0.35535714285714287
0.02851851851851852
0.31730654761904764
0.2496825396825397
-0.2380952380952381
0.1
-0.3
0.025000000000000005
0.058049783549783546
0.6953125
-0.24
0.07258718133718135
0.26879901960784314
-0.05327380952380953
0.7
0.0
-0.03437499999999999
-0.1880952380952381
0.0
0.24066666666666667
0.020175438596491235
-0.05355263157894737
0.35762987012987013
0.06666666666666667
0.22350378787878789
0.14916666666666667
0.12000000000000002
0.3382142857142857
0.18855519480519478
0.16680672268907565
0.34590909090909094
0.023245149911816594
0.39370370370370367
0.06666666666666665
0.18333333333333335
0.2283866995073891
0.11044973544973544
-0.11409090909090908
-0.003333333333333319
0.21746031746031746
0.13444444444444445
0.375
0.1428503787878788
0.24423076923076928
0.20535714285714285
0.044230769230769226
0.22916666666666666
0.04166666666666667
0.01833333333333334
0.46643518518518523
-0.024551504629629628
5.551115123125783e-17
0.09523809523809523
0.39107142857142857
0.16160037878787878
0.010449735449735445
-0.1574404761904762
0.18425925925925926
0.24
0.2865384615384615
0.5461111111111111
0.1030612244897959
-0.5714285714285715
0.31351190476190477
0.0631313131313131
0.8125
0.13599439775910366
0.28565759637188204
0.40178571428571425
-0.06178030303030304
-0.16
0.14607142857142857
-0.284
0.010763888888888887
0.27125000000000005
0.2123949579831933
0.2333333333333333
-0.08484126984126984
-0.020227272727272722
0.37222222222222223
0.018181818181818174
0.22037037037037036
-0.07880952380952376
-0.4666666666666666
0.41805555555555557
0.06666666666666665
0.22941176470588237
0.08333333333333333
0.10888888888888888
0.14144986449864494
0.13
0.596
0.3333333333333333
0.3125
-0.08501461988304093
0.33333333333333337
0.27441077441077444
-0.022108843537414966
0.018750000000000003
0.26646825396825397
0.044921875
0.26822916666666663
0.3919642857142857
0.0
0.19592592592592595
0.12094907407407406
0.0893939393939394
-0.12479166666666668
-0.08214285714285716
0.03579545454545455
0.05643939393939394
-0.09999999999999999
0.16296296296296298
0.17144444444444448
0.3940925802139037
0.375
0.5454545454545454
-0.08493589743589745
0.34313186813186813
0.10925925925925926
0.1742857142857143
-0.3277777777777777
0.08371212121212121
0.625
0.24079410173160173
0.24583333333333335
0.021428571428571432
-0.26666666666666666
0.033571428571428565
0.3782407407407408
0.11249999999999999
-0.014298245614035079
0.10495238095238094
0.5583333333333333
0.6991428571428571
-0.05756802721088435
0.23214285714285715
0.38
0.38027146464646466
0.22267463235294116
-0.23125
0.7134920634920635
0.22017045454545453
-0.008514492753623192
0.42916666666666664
0.192
-0.09647321428571429
0.10728305785123969
0.5083333333333333
-0.06500000000000002
0.39999999999999997
0.17662337662337663
0.10630411255411254
0.205
-0.2
-0.05833333333333333
