0.2096074380165289
-0.1488095238095238
0.04107638888888889
0.34
0.27083333333333337
0.029999999999999992
-0.014508928571428562
0.1892857142857143
0.5179004329004329
0.325
-0.5
0.4354166666666666
0.24
0.11780303030303028
0.12958333333333333
0.4333333333333333
0.0
0.19809974747474746
0.17380952380952383
0.11666666666666665
0.031060606060606052
-0.024696969696969696
0.0507878787878788
0.6305555555555555
0.38614718614718613
0.3211309523809524
1.0
0.4234848484848485
0.45454545454545453
-0.20666666666666667
0.27560884353741505
0.19021464646464648
0.17317045454545457
0.31479591836734694
0.5
0.3122727272727273
0.41875
0.4425
0.21958333333333332
0.21052827380952382
0.14837092731829574
0.2696969696969697
0.3092329545454545
0.15135416666666668
0.10374917328042331
0.17575757575757575
0.33869047619047615
-0.2
-0.22222222222222224
0.5416666666666666
0.19431818181818186
0.06021825396825397
-0.26
0.6109375
0.5833333333333334
0.19950000000000004
0.3539965986394558
-0.024696969696969696
0.2473015873015873
0.21049148315452665
0.08265692640692641
0.07142857142857144
0.24136904761904762
0.14652777777777778
0.225
0.4297916666666666
0.3625
0.19860139860139858
0.12447727272727273
0.3410714285714286
0.414514652014652
0.20343137254901958
-0.1488095238095238
0.22907407407407407
0.2590277777777778
0.16458333333333333
0.6166666666666666
-0.06901041666666664
0.2292953342953343
0.06006944444444443
0.18333333333333335
-0.08549107142857143
0.15156250000000002
0.2834848484848485
0.3243589743589744
0.385
0.375
0.2976689976689977
0.32159090909090904
-0.06999999999999999
0.19166666666666668
0.05291666666666667
0.4008184523809524
0.028017241379310345
0.07142857142857142
0.18
-0.24999999999999994
0.6041666666666666
0.15154761904761904
0.057367149758454104
0.23977225672877847
0.6666666666666666
-0.12337662337662336
0.5580357142857143
0.2833333333333333
0.17250000000000001
-0.10601851851851853
0.3166666666666667
0.009259259259259245
0.1125
0.12043803418803418
0.3125
0.246875
0.11785714285714283
-0.0625
0.11684027777777777
0.21600000000000005
0.41485714285714287
0.2950980392156863
0.04261363636363636
0.31221064814814814
0.19356060606060607
0.2388888888888889
0.4555555555555555
0.24838235294117647
0.4976190476190477
0.44000000000000006
0.20209523809523808
0.07583333333333332
0.3296875
-0.28649680397727273
0.10465277777777778
0.16793650793650794
0.08916666666666667
0.24437628161312377
0.0
0.33174603174603173
0.03125
0.35
0.1715277777777778
0.16875
0.09592652717652717
0.5650000000000001
0.11742424242424243
0.36000000000000004
0.47348484848484856
0.1716666666666667
0.05476190476190477
0.37723214285714285
0.18803763440860216
0.11815746753246752
0.0
0.04487179487179487
0.31875
0.08819444444444446
0.2207070707070707
0.48
-0.11805555555555554
-0.11944444444444445
-0.6428571428571429
-0.049404761904761896
0.4616071428571429
