0.192478354978355
0.029999999999999992
-0.12095959595959598
0.004101107226107219
-0.07000000000000002
-0.04999999999999999
0.14999999999999997
0.03525252525252524
0.035416666666666666
-0.02982456140350878
0.1105263157894737
0.07343749999999999
0.08
0.26
0.1064102564102564
0.062121212121212126
-0.14666666666666667
0.01491228070175439
0.42727272727272725
0.025265522875816987
-0.12333333333333334
-0.03717948717948718
-0.07497704315886135
0.1728395061728395
-0.16666666666666666
0.285250946969697
-0.37222222222222223
0.18061224489795918
0.0875
1.0
0.2718181818181818
0.6728571428571427
0.10333333333333332
0.3176851851851852
0.11257680491551458
0.2012187088274045
0.19393939393939394
0.2625
0.14696969696969697
0.3446482683982684
0.48
0.31205808080808084
0.3907407407407408
-0.078125
-0.0028571428571428597
0.3333333333333333
0.2583333333333333
-0.010227272727272722
0.13928571428571426
0.27368326118326114
0.040740740740740744
-0.3
0.45999999999999996
0.1389423076923077
0.259077380952381
0.18379629629629635
0.33828125
0.5361111111111111
0.18749999999999997
0.15
0.24741269841269847
0.34176161024305557
0.18333333333333335
0.546875
-0.032769097222222224
-0.025000000000000012
-0.125
0.26946428571428566
0.3049107142857143
0.4314285714285714
-0.4999999999999999
0.1618259803921569
0.13377813852813855
0.08560606060606062
0.3672727272727273
-0.06000000000000001
0.37968750000000007
0.16666666666666666
0.3377380952380952
0.03482142857142858
0.19722222222222222
0.7000000000000001
0.4523809523809524
0.0772186147186147
0.24333333333333337
-0.1
0.14933333333333332
0.10999999999999996
-0.25
0.3910256410256411
0.37810292777398036
0.1880952380952381
0.25
0.875
0.195
0.13333333333333336
0.19164983164983163
0.25666666666666665
0.14500000000000002
0.3343749999999999
0.34479166666666666
0.030208333333333334
0.07343749999999999
0.2814102564102564
-0.5
0.25
0.07023809523809524
0.21327160493827158
-0.20401041666666667
0.20687499999999998
0.25138888888888894
0.07330808080808081
0.3048363095238095
-0.8
0.25119617224880386
1.0
0.17312499999999997
0.04166666666666667
0.0
0.13329081632653061
0.13861607142857144
-0.06944444444444442
0.775
0.16728395061728396
0.13047619047619047
0.03333333333333333
0.15972222222222224
0.375
-0.06000000000000001
0.1305996472663139
0.22958494208494212
0.125
0.48166666666666663
0.5875
0.1625
0.384375
0.13598730814639906
0.4583333333333333
0.0
0.3
0.27999999999999997
0.18500000000000003
0.24743589743589745
0.056249999999999994
0.3502754820936639
0.3833333333333333
0.575
0.13708333333333336
0.24333333333333332
-0.303030303030303
0.0
0.03785714285714285
-0.09916666666666667
-0.048333333333333325
-0.05428194993412385
-0.3238095238095238
0.05916666666666666
0.08333333333333333
0.4375
0.07849025974025974
0.14004435107376284
0.36
0.6285714285714284
0.08928571428571429
-0.07098765432098766
-0.2
0.08541666666666665
0.14551316738816739
-0.13809523809523808
0.6
0.15571428571428572
0.15763888888888886
0.26666666666666666
-0.020875850340136035
0.033333333333333326
0.325
-0.5
0.28020833333333334
-0.038452380952380946
-0.10208333333333333
-0.03636363636363636
-0.019999999999999997
0.16770833333333332
-0.08333333333333334
0.1407986111111111
0.3109375
-0.25
0.6541666666666667
-0.13333333333333333
0.10104166666666668
0.32857142857142857
0.38125
0.08928571428571429
-0.04404761904761905
0.16875
-0.007638888888888885
-0.3
0.20165945165945168
-0.23916666666666667
0.046875
0.14029356060606063
0.06860491071428572
0.24722222222222223
0.16444444444444445
0.2879396645021645
0.5
0.009374999999999994
-0.033455882352941176
-0.026666666666666672
0.1075
0.1062222222222222
0.10282738095238098
0.32222222222222224
0.26850877192982453
0.19999999999999996
-0.11785714285714285
0.0871212121212121
0.1
0.07142857142857142
0.16301459293394777
0.0475
0.17369047619047617
-0.12166666666666667
-0.2841666666666667
0.05890022675736961
0.019140624999999994
-0.1534090909090909
0.25
0.03296703296703297
-0.3734375
-0.15000000000000005
0.3478571428571429
-0.03928571428571426
0.39999999999999997
0.17222222222222222
0.21736111111111112
-0.07083333333333335
-0.65
-0.375
-0.30333333333333334
0.037918871252204576
0.15803571428571428
0.3369047619047619
0.09154647435897435
0.043055555555555555
0.0
0.26826725905673277
0.07612179487179487
0.24062500000000003
0.0675
0.45655517578125
-0.07272727272727274
-0.1637936507936508
0.07812499999999999
-0.29375
-0.09615384615384616
0.13949404761904763
0.225
0.14375000000000002
-0.3333333333333333
-0.08946464646464647
0.42000000000000004
-0.12048611111111111
0.11027777777777778
0.35
-0.053565538194444436
0.13205128205128205
0.87625
0.07091787439613527
0.3170833333333333
-0.05211538461538461
-0.03555555555555556
0.07033730158730159
0.10075000000000002
-0.296875
0.125
0.11458333333333334
0.6711111111111112
-0.04871794871794872
0.16999999999999998
0.6875
-0.0013636363636363642
-0.11730769230769232
0.016666666666666666
0.1875
0.056280802530802525
0.1890625
0.2125
-0.07500000000000001
0.46875
0.09754901960784314
0.027402974932044716
0.178968253968254
0.33397612488521583
0.5375
0.09104554865424429
0.43667800453514743
0.1861111111111111
0.32440476190476186
0.04583333333333332
0.12998511904761906
0.05892857142857142
0.125
0.20576923076923076
0.2626984126984127
0.19702380952380952
0.17142857142857143
-0.04999999999999999
0.28472222222222215
0.0
0.1634920634920635
-0.14285714285714285
0.17307692307692307
-0.0414141414141414
0.06004313973063973
0.3630952380952381
-0.0875
0.10984075448361164
0.6333333333333334
-0.0016666666666666496
0.13148292883587
-0.02857142857142857
0.1353202160493827
-0.06107142857142857
0.4704761904761904
0.24351851851851852
0.394896331738437
0.4436904761904762
0.39664682539682544
0.16895833333333332
0.07632275132275132
-0.2325
-0.09999999999999998
0.4060714285714286
0.11749084249084249
0.11458333333333333
0.2009259259259259
0.33512396694214874
0.39505494505494504
0.0375
0.17248572683355293
-0.35
0.0
0.1482142857142857
0.24791666666666673
-0.13097619047619044
0.07500000000000001
0.06854166666666668
-0.075
0.002777777777777768
0.10103291316526612
-0.1729166666666667
0.1212962962962963
0.052092760180995464
-0.22499999999999998
-0.13655462184873948
0.73828125
0.3888888888888889
0.3888888888888889
0.35
0.32803030303030306
-0.20468749999999997
0.18579545454545454
0.10804184704184705
0.039999999999999994
0.35781250000000003
-0.4666666666666666
0.15136363636363637
0.009090909090909087
0.15937500000000002
0.1431818181818182
-0.0948105413105413
0.09166666666666667
0.04583333333333334
0.21960317460317466
0.07697959183673468
-0.17500000000000002
0.20398437500000002
-0.13214285714285715
0.41530612244897963
-0.20714285714285716
0.0325
0.18603479853479854
-0.01085526315789474
0.43842592592592594
0.07725779967159277
0.13612479474548442
-1.0
-1.0
0.5
-0.12857142857142856
0.30109890109890114
0.39999999999999997
0.0
-0.17250000000000001
0.4753333333333333
0.032264957264957275
-0.06333333333333334
-0.1047619047619048
0.6074074074074074
-0.075
0.3332251082251083
-0.017307692307692298
0.3385416666666667
0.28935185185185186
1.0
-0.12380952380952381
0.5599999999999999
0.03034286315536315
0.287962962962963
0.3826388888888888
0.12267857142857141
0.04534534534534535
-0.016666666666666666
0.08467876039304609
0.4791666666666667
0.08831389698736637
0.45138888888888884
-0.07295853269537479
0.30833333333333335
0.019724970278532605
0.1322222222222222
0.19212962962962962
0.11833333333333333
0.035285714285714274
0.130859375
-0.1025
0.3890046296296296
0.14285714285714285
0.09521604938271605
0.05268229166666666
0.0
-0.17250000000000004
0.1433333333333333
0.31666666666666665
-0.09750000000000002
0.2041666666666667
0.2866666666666667
-0.07163739669421489
0.11875
0.16299242424242422
-0.10798611111111112
0.11680107526881721
0.2708333333333333
0.35931372549019597
0.5800000000000001
0.3336363636363637
0.027083333333333338
0.1111111111111111
-0.03286713286713286
0.07857142857142854
-0.11666666666666665
0.06305387205387204
0.40729166666666666
0.018226674641148327
-0.0923076923076923
-0.65
0.012499999999999992
0.09470899470899471
0.11855158730158731
0.023358585858585836
0.10000000000000002
-0.005833333333333329
0.5
0.15238095238095234
0.5083333333333333
0.3830882352941177
0.4077272727272727
-0.24837662337662333
-0.04827438186813186
0.09375
0.0075000000000000015
0.12708333333333335
-0.215
0.03149350649350648
-0.06666666666666667
0.125
0.3055555555555556
0.5375
0.24444444444444444
0.28620448179271707
0.34863636363636363
0.30156250000000007
-0.3875
0.2683080808080808
0.2266666666666667
0.08657407407407408
0.1952380952380952
0.28795833333333337
-0.125
-0.013896103896103898
0.25697811447811447
-0.6666666666666666
0.2024891774891775
0.12
-0.029166666666666664
-0.00833333333333334
0.04375
0.05595238095238094
-0.5
0.20350877192982458
0.0
0.2027777777777778
0.3729166666666667
0.06
0.1609567901234568
0.07798611111111112
0.050892857142857136
0.0
0.174025974025974
0.0672579365079365
-0.0015873015873015877
0.6188888888888889
0.15625
0.0
-0.14583333333333334
0.625
0.0
0.22285954785954787
0.4066666666666666
-0.28095238095238095
0.1888888888888889
-0.13666666666666666
0.2306175595238095
-0.04166666666666666
-0.0732142857142857
-0.11730769230769232
0.5
0.2517156862745098
0.19660714285714284
-0.6666666666666666
-0.017467948717948708
0.4
0.07482142857142857
-0.06525
0.08086419753086418
0.08499999999999999
-0.6
0.596628787878788
0.16196969696969696
0.3
0.1
0.31979166666666664
0.3002020202020202
0.1300625
-0.16333333333333333
0.162886506164966
-0.0017857142857142874
0.045113636363636356
-0.05500927643784787
-0.325
0.12774943310657597
0.3666666666666667
0.18181818181818182
0.44722222222222224
0.0
0.11212121212121212
0.052083333333333336
0.54125
0.35261904761904767
0.14076704545454546
0.26869565217391306
0.22999999999999998
0.41111111111111115
-0.08333333333333333
0.15874228395061732
0.034999999999999996
0.20714285714285713
0.09464285714285714
0.30865384615384617
0.669140625
0.4769047619047619
0.0914186507936508
-0.5599999999999998
0.335
0.06107886904761904
0.2847395833333334
-0.3499999999999999
0.2521008403361345
0.535214142475172
0.6
-0.1103896103896104
0.1982638888888889
0.1787878787878788
0.21897759103641462
-0.4185185185185185
0.2121212121212121
0.23040674603174602
0.28824561403508775
0.030989583333333334
-0.044444444444444446
0.01325757575757576
0.5
0.1777777777777778
0.09290123456790124
0.3045454545454546
0.08124999999999999
-0.21000000000000002
0.5885416666666666
-0.8888888888888888
0.3
0.38461538461538464
0.2105842652717653
0.011111111111111113
0.53125
0.14583333333333331
-0.05224867724867725
0.3080769230769231
0.004999999999999999
0.09798611111111115
0.28777430902430906
0.29791666666666666
0.17651515151515157
0.006249999999999992
0.5625
0.049999999999999996
0.04861111111111111
0.006168831168831172
-0.075
0.04843857832988266
0.48214285714285715
-0.014940828402366844
-0.09166666666666667
0.28971088435374154
-0.18333333333333335
-0.08181818181818182
0.10952380952380954
0.22488095238095238
0.09861111111111111
0.21510416666666662
0.43333333333333335
0.2787745098039216
-0.0875
0.06666666666666667
-0.049999999999999996
-0.3241071428571428
0.37777777777777777
0.2916666666666667
0.027069597069597058
0.11925925925925925
0.17642045454545452
-0.3639880952380952
0.055208333333333345
0.31428571428571433
-0.047685185185185185
0.1885416666666667
-0.07127525252525253
-0.6950000000000001
0.16041666666666665
0.008214285714285714
0.14259259259259258
0.3471560846560846
0.2125
-0.06270833333333332
0.38690476190476186
0.49404761904761907
0.06666666666666667
0.41944444444444445
0.44333333333333336
0.3233766233766234
0.2743055555555556
0.7
0.15347222222222223
-0.275
0.27352941176470585
-0.2722222222222222
0.35
0.2875
0.20227272727272724
0.44122222222222224
0.11406249999999998
0.3888888888888889
0.16429398148148147
-0.09383333333333335
0.4916666666666667
-0.5999999999999999
-0.028935185185185203
0.12072649572649573
0.1
0.018333333333333326
0.2406709956709957
0.0
0.06200000000000001
0.05783730158730158
0.6288888888888888
0.19166666666666665
0.33875
0.06666666666666665
0.12928921568627452
-0.034999999999999996
-0.20416666666666664
-0.06666666666666667
0.26666666666666666
0.4575
0.24404166666666666
0.24110837438423643
0.29557269119769114
0.029166666666666646
0.2296875
0.13452380952380952
-0.65
0.05000000000000002
0.07797619047619048
0.36111111111111116
0.048460656152963855
0.15064102564102566
0.5064102564102565
0.05773809523809524
0.24220779220779223
0.18181818181818182
0.257015306122449
0.12428571428571429
0.37916666666666665
0.08263888888888889
0.14074074074074072
0.3205994897959184
-0.09375
0.07499999999999998
-0.1318452380952381
0.366304347826087
0.0918831168831169
0.3441666666666667
0.2619047619047619
-0.1375
0.04603174603174603
-0.019674688057041
0.08571428571428573
-0.11145833333333333
-0.02902691511387163
0.09722222222222222
0.06027336860670196
0.17285714285714285
-0.07505050505050508
0.4333333333333333
0.03511904761904761
0.11503819709702062
0.1771825396825397
0.17706043956043957
0.19999999999999998
0.15025252525252522
0.2383116883116883
0.14456140350877195
0.07499999999999998
0.17987677527151216
0.3365151515151515
-0.08169191919191919
0.3
0.58
0.15714285714285717
0.25
-0.225
0.06
-0.2619999999999999
0.26
0.0
0.36666666666666664
0.23406084656084655
-0.026190476190476184
0.0
0.06914569805194805
0.375
0.18019480519480519
0.5129251700680272
0.18444444444444444
0.19166666666666665
-0.033333333333333326
0.3029761904761904
0.2367465867465867
0.2781746031746032
0.37044252044252046
0.28680555555555554
0.3386111111111111
0.02261904761904762
0.18333333333333332
0.3351141282959465
0.09431818181818181
0.7
0.1969187675070028
0.28214285714285714
0.15512820512820513
0.2538461538461539
-0.20625
-0.0375
-0.14765625
0.2864583333333333
0.11950113378684808
0.20800000000000002
0.3302455357142857
0.09270833333333332
0.20622710622710624
0.2006650641025641
0.3348148148148148
0.1825297619047619
-0.001666666666666668
0.36809523809523814
0.48888888888888893
0.59375
0.10253174603174603
-0.061227106227106226
0.21250000000000002
0.15357142857142858
0.31666666666666665
0.17689393939393938
0.17777777777777776
0.3523809523809524
-0.033333333333333326
0.09406746031746033
0.15357142857142858
0.24464285714285713
0.6571428571428573
0.25535714285714284
0.17888471177944862
0.3270833333333333
0.09479166666666666
0.03755102040816329
-0.24583333333333335
0.6000000000000001
0.22801978114478116
0.4375
0.375
0.4408163265306123
-0.09464285714285714
0.13958333333333334
0.1462797619047619
0.3666666666666667
-0.02355900393009768
-0.01499999999999999
0.24191919191919195
0.425
0.012499999999999997
0.13296092796092795
0.5874999999999999
0.2446608946608946
0.075
-0.646484375
0.078125
0.012938596491228069
0.3951190476190476
0.20568181818181816
-0.1875
0.039123376623376616
-0.07916666666666666
0.425
0.19931581828133557
0.09374999999999999
0.13458333333333333
-0.12964285714285712
0.15066666666666667
0.052777777777777785
0.18541666666666667
-0.058042328042328055
