0.3319444444444445
0.2597321428571429
0.24285714285714288
0.503061224489796
0.22833333333333333
0.24151234567901236
0.25749233405483407
0.4125
0.23340928819444445
0.26185185185185184
0.4895833333333333
0.35000000000000003
0.44375
0.2287698412698413
0.3151515151515152
0.3050375939849624
0.15965608465608463
0.20357142857142857
0.03827160493827161
0.19999999999999998
0.37689630681818187
0.3264705882352942
0.6699999999999999
0.19166666666666668
0.19048611111111113
0.07841435185185187
0.12886904761904763
-0.20185185185185184
0.18648989898989896
0.0793131510416667
0.01874999999999999
0.2590419501133787
0.2900483091787439
0.4131481481481482
-0.13680555555555554
0.13928571428571426
0.1715686274509804
0.490625
0.35000000000000003
0.22270833333333334
0.375
0.19630681818181817
0.1636284722222222
0.3604895104895105
0.18363636363636365
0.04166666666666668
0.14198773448773447
0.23958333333333334
0.36548295454545454
0.23020833333333335
0.18928571428571428
0.5
0.07760416666666667
0.058712121212121215
0.32944444444444443
0.14277210884353742
0.15
0.29910714285714285
0.421875
0.32269841269841276
0.22366522366522368
0.23482142857142854
0.3116666666666667
0.21555555555555556
0.018750000000000003
0.052777777777777785
0.13973544973544977
0.0673076923076923
0.3105263157894737
0.17291666666666666
0.2
0.1084313725490196
0.27921052631578946
0.1451923076923077
0.12727272727272726
0.15376984126984125
0.3017543859649123
0.25583333333333336
0.29288194444444443
0.3249206349206349
0.6375000000000001
0.31507936507936507
0.08055555555555555
0.375
0.25
0.2945769230769231
0.29435296846011133
0.11875
0.3616666666666667
0.17815476190476193
0.12457482993197277
0.2965277777777778
0.2694444444444445
0.3229166666666667
0.3
0.10652173913043479
0.2673863636363637
0.4154829545454546
0.3357142857142858
0.04777777777777778
0.46666666666666656
0.2484107378129117
0.21566506410256414
0.0512310606060606
0.16666666666666666
0.39853515625
0.253125
0.2516666666666667
0.34847222222222224
0.28520879120879117
0.14875000000000002
0.23571428571428577
0.14107142857142854
0.44812499999999994
0.1686255411255411
0.1904166666666667
0.65625
0.14476066468253967
0.4566666666666667
0.39
0.3111363636363636
0.015993303571428565
0.14317528735632182
0.42625
0.47552083333333334
0.36875
0.5810000000000001
0.017460317460317443
0.4196969696969697
0.2034313725490196
0.22066017316017317
0.065625
0.16377401837928154
0.24935897435897436
0.5
0.16666666666666666
0.27997265122265114
0.20397727272727273
0.18846354166666662
0.2791666666666667
-0.024729437229437237
0.37392045454545453
0.2729166666666667
0.2961766098484848
0.06857142857142856
0.2754166666666667
0.2027006172839506
0.34
0.1893790849673203
0.30833333333333335
0.45357142857142857
0.12777777777777777
0.29083333333333333
0.32222222222222224
0.32373214285714286
0.3421875
-0.0271604938271605
0.105625
0.44000000000000006
0.29715909090909093
0.12499999999999999
0.20859374999999997
0.33970588235294114
0.2853921568627451
0.09423076923076924
0.26212121212121214
0.3365942028985507
0.3020833333333333
0.3107954545454545
0.39687500000000003
0.11534090909090909
0.19755537098560352
0.21014660493827156
-0.010101010101010102
0.36593742484367475
0.19931457431457422
0.27772302102659246
0.2474747474747475
0.459375
0.2983333333333333
0.18935599990287488
0.19494851994851994
0.4921666666666666
0.0
0.10000000000000002
0.16999999999999998
0.2786666666666666
0.2981481481481481
0.39715909090909085
0.11488341204250295
0.6375000000000001
0.107411858974359
0.6287878787878788
0.19366883116883118
0.33595454545454545
0.22838943623426383
0.24693877551020407
0.23704545454545453
0.2343358395989975
0.43125
0.20500000000000002
0.14375
0.4175
0.15625
0.35923611111111114
0.47874999999999995
0.4166666666666667
0.4524509803921568
0.33388888888888885
0.18612514029180696
0.20668402777777778
0.27
-0.06166666666666668
0.03433333333333333
0.049999999999999996
0.32440476190476186
0.2949724517906336
0.6921875000000001
0.23888888888888887
0.11880952380952384
0.11730769230769231
0.3428030303030303
0.15069444444444446
0.3895
0.3958333333333334
0.23948713323713322
0.4074999999999999
0.22755681818181822
0.30625
0.3861041666666667
0.282224025974026
0.4
0.22362637362637366
-0.11111111111111112
0.3041666666666667
0.3277777777777778
0.240797821969697
0.46687500000000004
0.20750000000000002
0.14065476190476187
0.20387731481481478
-0.10137741046831956
0.36271258503401366
0.26120370370370377
0.18093750000000003
0.15583333333333332
0.3266203703703703
0.14646205357142858
0.2923809523809524
0.22530045351473924
0.10662121212121214
0.2639069264069264
0.26187499999999997
0.14871794871794874
0.23500000000000001
0.08208333333333333
0.22142857142857145
0.30883333333333335
0.12059082892416223
0.2977272727272728
0.1823125
0.2140262923351159
0.07708333333333334
0.22083333333333335
0.45
0.2828065994289399
0.4191414141414142
0.33141835016835014
0.40619834710743796
0.32
0.22142857142857147
0.1259469696969697
0.4318627450980392
0.46931818181818186
0.3241666666666667
0.575
0.32733333333333337
0.4354166666666666
0.3938725490196079
0.15873015873015875
0.2021739130434783
0.15252525252525256
0.12734848484848485
0.3053125
0.2825757575757576
0.16136363636363635
-0.12797619047619047
0.1310117302052786
0.17913382594417077
0.24088296760710554
0.30669642857142854
0.3
0.12929894179894177
0.10916666666666669
0.10587797619047619
0.17094474153297684
0.3077294685990338
0.269
0.078125
0.07187499999999998
0.4097222222222222
0.21029761904761912
0.3334821428571429
0.138768115942029
0.46547619047619054
0.2791666666666667
0.1146103896103896
0.3494791666666666
0.20280701754385963
0.17995238095238095
0.25
0.375
0.12397768002606713
0.2497619047619047
0.1173809523809524
0.20627604166666666
0.06754385964912281
0.187037037037037
0.29555555555555557
0.37142857142857144
0.10297619047619046
0.017934782608695646
0.20588235294117646
0.1619047619047619
-0.003911564625850346
0.10166666666666666
0.19958333333333336
0.21944444444444444
0.017948717948717947
0.16833333333333333
0.38154761904761914
0.15578865578865578
0.07778365045806908
0.13749999999999998
0.18358752834467115
0.2257575757575758
0.10738787878787884
0.32083333333333336
0.3988478535353535
0.21155149051490518
0.2706140350877193
0.17777777777777778
0.2096153846153846
0.15959595959595962
0.20625
0.03125
0.37866666666666665
0.36944444444444446
0.20216666666666666
0.2198342803030303
0.39805194805194805
0.10450656114718616
0.24693877551020407
0.2066017316017316
0.66875
0.26428571428571435
0.18819444444444441
0.024305555555555556
0.2653061224489796
0.1
0.39444444444444454
0.32526041666666666
0.5933333333333334
0.2657738095238095
0.04055497198879552
0.15634469696969697
0.22142857142857145
0.38541666666666663
-0.22187500000000002
0.37619047619047624
0.10544871794871793
0.2423076923076923
0.3008922558922559
0.21158263305322128
0.17234848484848486
-0.35000000000000003
0.17222222222222222
0.19652848307291665
0.23584656084656086
0.33303571428571427
0.1514285714285714
0.5368729309905781
0.1360294117647059
0.08367521367521367
0.1766666666666667
0.014625850340136073
0.40406250000000005
0.45575757575757586
0.21428571428571433
0.29979296066252586
0.3261250901875902
0.2833333333333333
0.08461538461538462
0.37896825396825395
-0.000694444444444442
0.32209677419354843
0.33796296296296297
0.08964646464646463
0.4102272727272727
0.03347326649958231
0.1783882783882784
0.09158902691511386
0.0527529761904762
0.25606060606060604
0.375
0.0171875
0.07329545454545454
0.5027777777777778
0.25769230769230766
0.3060210622710623
0.14229024943310653
0.23303511303511307
0.296
0.31555555555555553
0.0984848484848485
0.36874999999999997
0.0076388888888888834
0.2643809523809523
0.4536258012820512
0.10302454637561023
-0.375
0.3976190476190476
0.23611111111111113
0.3196428571428572
0.060360360360360375
0.3821428571428572
0.5208333333333334
0.3726190476190476
0.37449214365881034
0.22142857142857147
0.27499999999999997
0.305
0.2493827160493827
0.12708333333333333
0.4390625
0.49821428571428567
0.26249999999999996
0.09424603174603176
0.3103888888888889
0.4375
0.34111426767676767
0.05208333333333333
0.33495670995670995
0.37843137254901954
0.3535714285714286
0.1749188311688312
0.11292903525046381
0.28444444444444444
0.05796296296296296
0.15865335381464415
0.26589187327823693
0.28476190476190477
0.139755859375
0.36999999999999994
0.16796875
0.10024305555555559
0.28308641975308635
-0.05185185185185186
0.453125
0.25056141774891777
0.584039665670956
0.1451388888888889
0.044270833333333336
0.26093750000000004
0.014285714285714282
0.44732142857142854
0.17
0.2392857142857143
0.309527972027972
0.41166666666666674
0.28828125000000004
0.80625
0.2325814536340852
0.14755892255892256
0.4625
0.11249999999999999
0.3983333333333334
0.42569444444444443
0.24427777777777776
0.3925
0.46875
0.5498214285714286
0.35964285714285715
0.2587797619047619
1.0
0.0603458830731558
-0.05555555555555556
0.34609375
0.2147859652366864
0.49393939393939396
0.2777777777777778
0.1550733137829912
0.2304945054945055
0.20288461538461539
0.13660714285714284
-0.07873737373737369
0.18892517006802723
0.18221604938271607
0.5625
0.3111111111111111
0.3687500000000001
0.21944444444444444
0.65
0.2678977272727273
0.007264957264957265
0.33214285714285713
0.19041666666666668
0.1375
0.23382716049382715
0.327734375
0.17610479797979794
0.37670068027210885
0.19270833333333331
0.20937500000000003
0.4453125
0.875
0.2244642857142857
0.175
0.21250000000000002
0.3
0.21987179487179487
0.2935089531680441
0.16362433862433864
0.23891369047619046
0.22613636363636358
0.45625000000000004
0.12049783549783549
-0.1340277777777778
0.169375
0.13628331835879007
0.033333333333333326
0.18963095238095234
0.17083333333333334
0.21875
0.20416666666666666
0.13333333333333333
0.21689814814814815
0.12274305555555558
-0.11875
0.16024305555555557
0.04012515262515262
0.32232142857142854
0.10362318840579712
0.06925925925925926
0.2535108024691358
0.6069986979166667
0.12970799262465926
0.33125000000000004
-0.09369047619047619
0.5249999999999999
0.07777777777777777
0.207797619047619
0.30357142857142855
0.4233333333333333
0.2227678571428572
0.43125
0.2384615384615385
0.3075
0.23404761904761903
0.2863467261904762
0.21795634920634926
0.06790123456790124
0.3821428571428572
0.1671794871794872
0.5014930555555556
0.1705146705146705
0.15
0.047434807256235834
0.18117283950617283
0.1872265122265122
0.26409939992257064
0.1201544514916608
0.1675683421516755
0.26031746031746034
0.3435096153846154
0.08809214594928881
0.15038515406162467
0.3169642857142857
0.11944444444444446
0.0989795918367347
0.3044117647058824
0.1457623106060606
0.21734693877551023
0.1545
0.43636363636363634
0.1930555555555556
0.17939560439560445
0.15277777777777776
0.29097402597402605
0.37247474747474757
0.09500000000000001
0.12529761904761907
0.17998720975993707
0.2918560606060606
0.3208116883116884
0.06518019776216498
0.5458333333333334
0.19583333333333336
0.3279797979797979
0.2240942028985507
0.3716875
0.095
0.2431818181818182
0.22916666666666666
0.2375
0.21785714285714283
0.47185921717171714
0.27460606060606063
0.044704861111111126
0.21031746031746038
-0.10000000000000002
0.2861111111111111
0.199
0.22970538720538722
0.147390180878553
0.0181712962962963
0.22939814814814818
0.12232142857142858
0.28034188034188035
0.22954545454545458
0.2473112186555582
0.21666666666666667
0.3656196581196582
0.1828787878787879
0.1988221500721501
0.2652777777777778
0.1453129117259552
0.25020833333333337
0.20371031746031745
0.22335858585858584
0.27125000000000005
0.1656926406926407
0.14574829931972788
0.0911654135338346
0.29666666666666663
0.23462962962962963
0.42462121212121207
0.20937118437118438
0.24487179487179495
0.3409090909090909
0.10999999999999999
0.21428571428571425
0.20328947368421055
0.26319444444444445
0.36418650793650786
0.13178524374176545
0.28042748917748916
0.257986111111111
0.2604166666666666
0.2514069264069264
0.20864661654135339
0.1521341463414634
0.3866666666666667
0.0017573696145124654
0.12844444444444444
0.3175
0.3573593073593074
0.26421568627450975
0.10762167125803489
0.3729166666666667
0.505357142857143
0.35833333333333334
0.18504933504933505
0.26423611111111106
0.09014005602240899
-0.021589781746031742
0.37625000000000003
0.38666666666666666
0.40119047619047615
0.051822916666666684
0.16964285714285715
0.15654443595620066
0.07045454545454545
0.032307692307692315
0.10944616977225671
0.2394181380417335
0.15095398428731763
-0.029500000000000012
0.14354618356180854
0.39501984126984124
0.10357142857142858
0.2972222222222222
0.3333333333333333
0.20659340659340655
0.1386904761904762
0.22170454545454552
0.13999999999999999
0.009567901234567891
0.023128078817734002
0.08961412151067324
0.17102040816326533
0.05055697601010101
0.32625000000000004
0.26567055393586003
0.3463861607142857
