0.009808612440191381
0.1755140692640693
0.0
0.0
0.43359374999999994
0.01305555555555557
-0.0886904761904762
0.0766328828828829
0.056666666666666664
0.30428571428571427
0.6125
0.475
0.6866666666666668
0.06250000000000001
0.11472222222222221
0.6
0.13724489795918368
0.39000000000000007
0.24220209614946456
0.04880952380952381
-0.5
0.3666666666666667
-0.15625
0.16805555555555554
0.27199999999999996
0.20142857142857137
0.1398148148148148
0.22833333333333333
-0.08611111111111111
0.06043123543123544
0.2333333333333333
-0.026217948717948723
0.19218749999999998
0.40004995004995003
0.24345376845376845
0.12564763279048993
0.325
-0.1359375
0.12336996336996339
-0.14681818181818182
-0.015000000000000008
0.11838474025974026
-0.0012500000000000067
0.43125
0.553125
0.1
0.18083333333333335
0.45
0.13944444444444445
0.1958152958152958
0.2740740740740741
0.31058673469387754
0.253125
0.015625000000000014
0.4093055555555556
0.09315279447115385
0.2416666666666667
-0.1145
0.14609375
0.2846491228070176
0.018750000000000003
0.03571428571428571
0.05009803921568627
0.17580790043290043
-0.09360119047619049
0.13000000000000003
0.2041666666666667
0.4234848484848485
0.37222222222222223
0.5083333333333333
-0.0076388888888888964
-0.5666666666666667
0.5449999999999999
0.34863636363636363
0.13463541666666667
0.3416666666666667
0.4375
0.16777777777777778
0.07316017316017316
0.1328042328042328
0.2561111111111111
-0.2833333333333333
0.2061789772727273
-0.29523809523809524
-0.038095238095238085
0.10717592592592592
0.22378472222222223
-0.10924603174603176
-0.09999999999999998
-0.1398148148148148
0.45999999999999996
0.06578947368421052
0.1776048752834467
0.3516233766233766
0.21687969924812028
0.19415584415584416
0.3
0.2788888888888889
0.36124188311688316
0.4071666666666666
0.4490740740740741
0.18476190476190477
-0.2975
-0.5777777777777778
0.75
0.14476190476190479
0.2590396825396825
0.23397435897435898
-0.08051948051948052
0.3
0.2125
0.11249999999999999
-0.04416666666666668
0.3235930735930736
0.2128246753246753
0.591875
-0.009436936936936932
0.035869295634920625
-0.39999999999999997
0.27045454545454545
0.35892857142857143
0.04743303571428571
0.13246969696969696
0.20015371102327625
-0.022435897435897433
0.1878205128205128
0.11009165731387954
0.7666666666666666
-0.0826388888888889
0.47740740740740745
0.2120879120879121
0.0
0.16999999999999998
0.0
0.22268518518518515
0.2571428571428571
0.28214285714285714
0.62
0.06363636363636364
0.4351515151515151
0.2552083333333333
-0.21349206349206348
0.1942857142857143
0.2944760101010101
-0.08435897435897438
0.334375
0.32
0.08235930735930735
0.52
-0.25
1.0
0.3445021645021646
0.03875
-0.25
0.24886363636363634
0.4566666666666667
0.1612224157955865
0.04583333333333334
0.8
0.2119047619047619
0.11112596553773024
-0.04631519274376418
-0.05416666666666667
0.35354166666666664
0.06105263157894738
0.3059523809523809
0.8041666666666667
0.15824175824175823
0.20690656565656565
-0.049999999999999996
0.059722222222222225
-0.08571428571428572
0.09895833333333331
0.4166666666666667
0.04484126984126984
0.28197278911564627
-0.17977272727272725
-0.1517857142857143
-0.16369047619047614
-0.1666666666666666
0.037708333333333316
0.04552910052910051
0.028124999999999997
0.2793388429752066
0.03391573295985062
0.3359848484848485
0.8250000000000001
-0.21666666666666665
0.14555555555555558
0.2540758516845473
-0.011466664220901509
-0.825
0.03392857142857143
0.38750000000000007
0.04545454545454545
0.1490598290598291
0.23600000000000004
0.26916666666666667
0.6000000000000001
0.10936639118457302
0.07142857142857142
0.001261904761904764
0.0648989898989899
0.4520833333333334
-0.0561904761904762
-0.24467592592592594
-0.2777777777777778
-0.013388888888888884
0.10370076497395836
-0.027777777777777773
-0.023958333333333335
0.38125
0.5114285714285716
0.044521212121212114
0.3684920634920636
0.8
0.3944444444444444
0.19117647058823528
0.18625661375661376
0.2875
0.10370370370370369
0.22791666666666663
0.34898989898989896
-0.05107849326599328
0.5800000000000001
0.47962962962962963
0.16666666666666666
0.3007246376811594
0.011428571428571432
0.0006944444444444605
0.3954545454545455
0.02125
-0.06796875000000002
0.16041666666666668
0.4666666666666666
0.0031250000000000028
0.18838383838383835
0.1510964912280702
0.2160984848484848
0.3788690476190476
0.375
0.16386845912707987
-0.06
0.28
-0.015000000000000003
-0.135
0.05242424242424244
0.34643939393939394
0.3845833333333334
0.1658119658119658
0.43875000000000003
0.46875
0.20654761904761904
0.19666666666666668
-0.3675925925925925
0.3375
0.17750000000000005
0.06562499999999999
-0.22291666666666665
0.08916666666666667
0.22827380952380955
-0.43333333333333335
0.4296875
0.2726190476190476
0.28363095238095243
-0.4625
0.7333333333333334
0.0625
0.039999999999999994
0.28703703703703703
-0.1829761904761905
-0.08154761904761905
0.11867494824016565
-0.07812499999999999
0.3665277777777778
0.3988888888888889
0.14285714285714285
0.028636363636363626
0.3229320987654321
0.06160714285714286
0.4928571428571428
0.3125
-0.00666666666666668
-0.19895833333333335
0.16015151515151516
-0.04402560763888888
-0.010576923076923065
-0.12142857142857143
-0.016666666666666663
0.060185185185185175
-0.26944444444444443
0.55323486328125
0.10138888888888888
0.2589696389919604
0.27499999999999997
-0.0875
0.18833333333333335
-0.07890625
-0.24629629629629626
0.03113636363636363
0.27261904761904765
0.08214285714285714
0.19407407407407415
0.4731481481481481
0.2711734693877551
0.33999999999999997
0.22827380952380952
-0.6588541666666666
-0.0002164502164502215
0.3857371794871795
0.052857142857142866
0.40625
-0.1988888888888889
0.0
0.13522727272727272
-0.068859649122807
0.09131944444444445
0.08547008547008546
0.31875
0.1275
-0.003974603174603173
0.2199074074074074
0.00925816607634789
0.20833333333333331
0.33697916666666666
0.4184659090909091
0.2689796401515151
0.27666666666666667
0.2164784946236559
0.7
0.04
0.041666666666666664
0.15641083453583454
0.009027777777777782
0.26416666666666666
-0.31285714285714283
-0.21250000000000002
0.23645833333333333
0.2564820601851852
0.19157552973342448
0.027157738095238085
0.48333333333333334
0.4011363636363636
-0.06898148148148148
0.13956207482993196
-0.10029761904761905
0.5071428571428571
0.0
0.20857142857142857
0.27499999999999997
0.09416666666666665
0.2612929894179894
0.2666825396825397
0.5292857142857142
-0.0724537037037037
0.5
0.6600000000000001
0.2314814814814815
-0.07333333333333332
0.1517777777777778
0.13999999999999999
-0.03958333333333333
0.12557489791532345
-0.275
0.21985028860028857
0.0884469696969697
-0.00479497354497355
-0.2425
0.26666666666666666
-0.28181818181818175
0.17777777777777778
-0.042091836734693876
0.37916666666666665
0.13833333333333334
0.5
-0.39999999999999997
0.2068402777777778
0.29999999999999993
-0.010000000000000009
0.39
0.34074675324675324
0.6428571428571429
0.36820436507936505
0.6458333333333334
-0.11538461538461539
0.3385416666666667
0.3827083333333333
0.6444444444444445
0.26166666666666666
0.32541666666666663
1.0
0.15678240740740743
0.26369047619047625
0.1716666666666667
-0.06000000000000001
0.2854166666666667
0.2385294117647059
0.39125
-0.17687499999999995
0.1919191919191919
0.403974358974359
0.43937499999999996
0.25727272727272726
0.5185714285714286
0.31
0.058252164502164486
0.310797952047952
0.4075
0.3145833333333333
-0.325
0.0
0.2860714285714286
0.330302734375
0.48250000000000004
0.4916666666666667
0.425
0.4833333333333333
0.07857142857142857
0.45
0.2603174603174603
0.3855500821018063
0.16777157738095239
0.4104166666666667
0.05934920634920634
0.3
0.20911764705882352
0.08323863636363638
0.38428571428571434
0.07083333333333335
0.44375
-0.16666666666666666
0.125
-0.1360185185185185
-0.18472222222222223
0.3623015873015873
0.19537037037037033
-0.3375
0.19285714285714287
0.11012987012987012
0.23333333333333336
0.11083333333333334
0.2858815426997245
-0.11666666666666665
0.34673469387755107
-0.01594202898550723
0.1053298611111111
-0.63310546875
0.4375
0.19516369047619048
-0.07416666666666667
0.17615384615384616
0.6458333333333334
-0.00423280423280422
-0.10976331360946744
-0.09999999999999999
0.2958241758241758
0.09182653356481482
0.29499999999999993
0.4549355158730158
0.3229166666666667
-0.048017578124999995
0.13847377232142857
0.17857142857142858
0.17582417582417584
0.12668181818181817
0.8333333333333334
0.019999999999999997
0.11739583333333334
0.004649517149517151
0.075
0.35000000000000003
0.478125
0.2616071428571428
0.0
0.23194444444444443
0.19930555555555554
-0.19467592592592597
0.76
0.07888888888888891
0.09091397849462364
0.4
0.275
0.37976190476190474
0.011666666666666669
0.11888888888888888
0.17936507936507937
0.20163636363636367
0.3416666666666667
-0.020588235294117654
-0.016899305555555556
0.0625
0.4291666666666667
-0.05923076923076923
-0.06964285714285715
-0.09375000000000001
0.18813131313131315
0.26666666666666666
0.15
-0.016898148148148148
0.02500000000000001
0.1558467741935484
0.2593537414965986
0.8025
0.021666666666666678
0.3666666666666667
0.18939393939393942
0.0
-0.029166666666666674
0.293425925925926
0.011458333333333338
0.05991832611832611
0.0
0.3
0.012364243943191303
0.16103305785123964
0.140299823633157
-0.11679487179487177
0.3448979591836735
0.17895833333333336
0.0015873015873015817
0.175
-0.08333333333333331
0.062380952380952384
0.65
0.1127136752136752
0.14027150385846038
0.41666666666666663
0.11238095238095239
-0.2916666666666667
0.10555555555555556
0.15000000000000002
0.5916666666666667
0.19953781512605043
-0.06753968253968254
0.12075216450216451
0.3738095238095238
0.08333333333333334
0.14772727272727273
0.21428571428571427
0.3666666666666667
0.327
0.37160714285714286
0.1
0.31333333333333335
0.2833333333333333
0.0
-0.09250000000000003
0.1775132275132275
-0.375
0.2433712121212121
0.3833333333333333
0.33888888888888885
-0.01666666666666667
-0.22785714285714284
0.6833333333333332
0.08
0.16666666666666669
0.06
0.55
0.47500000000000003
0.6111111111111112
0.2242063492063492
0.22946428571428573
-0.075
0.20625
0.1118801652892562
-0.08944444444444445
0.09537037037037037
-0.359375
0.13980194805194804
0.15833333333333335
0.14716836734693878
-0.10648148148148147
-0.003571428571428538
0.5875
-0.040579710144927526
0.5984375
1.0
0.27050264550264547
-0.16461038961038962
0.1984126984126984
0.15285714285714286
0.0
0.2833333333333334
0.2123020498020498
-0.05544871794871794
0.11742788461538461
0.3666666666666667
0.5625
0.07973470069268468
0.3666666666666667
0.3625
0.23182291666666666
-0.10477053140096616
0.675
0.17992788461538461
0.1173516414141414
0.24730861244019137
-0.02500000000000001
1.0
-0.72
0.11458333333333333
-0.16666666666666666
0.06666666666666667
0.3987535014005602
0.16583806818181823
0.03333333333333334
0.0
0.44789141414141415
0.24
0.375
-0.05500000000000001
0.009523809523809521
0.03901515151515151
0.29616402116402124
0.05972222222222221
0.2161904761904762
0.27621173469387755
0.25
0.0992063492063492
0.36002083333333335
0.21166666666666661
-0.39999999999999997
0.028645833333333332
-0.13541666666666666
-0.22777777777777775
0.21369047619047618
-0.36538461538461536
-0.15555555555555559
-0.2639772727272727
0.4075
0.29577352472089313
0.18346688034188036
0.4387995337995339
-0.4595703125
0.24755434782608698
0.1214537666918619
0.008333333333333345
0.05416666666666667
0.8666666666666667
-0.018333333333333347
-0.10798611111111112
0.07573260073260074
0.27777777777777773
0.2225
0.21378621378621374
0.0
0.3329605263157895
-0.053333333333333344
0.03373263888888889
0.07857142857142858
0.29000000000000004
0.32595238095238094
0.09818817878028403
0.11126302083333332
0.3606060606060606
0.09166666666666667
-0.3529017857142857
-0.2333333333333333
0.17777777777777776
0.08039772727272729
0.049999999999999996
0.21088154269972456
0.21416666666666667
0.0
-0.13749999999999998
0.16564344746162926
0.25743589743589745
0.12833333333333333
0.08190235690235693
0.00999999999999999
0.319047619047619
0.0625
0.16814236111111114
0.25416666666666665
0.25857142857142856
0.21544444444444444
0.45441666666666664
0.07840099715099715
0.04642857142857143
0.07314814814814814
0.035714285714285705
-0.5666666666666667
-0.05490881032547699
-0.038425925925925926
0.24583333333333335
0.09244444444444444
-0.3359375
0.35861244019138755
-0.4435185185185186
0.25
0.1
0.08629426129426132
0.0979166666666667
0.33469387755102037
-0.025000000000000022
-0.3325
0.25833333333333336
0.05953525641025641
0.25
-0.03492063492063492
-0.07527056277056277
0.21666666666666667
0.25637473739495803
0.055
0.26
0.4095238095238095
0.07355769230769232
0.10280182780182781
0.21833333333333335
-0.075
0.41363636363636364
0.2875
0.024999999999999994
0.3645833333333333
-0.0425925925925926
0.2866666666666667
0.05416666666666666
-0.27546296296296285
0.15833333333333333
0.265625
0.23484848484848486
0.12005494505494504
-0.08495920745920743
0.03409090909090909
0.16666666666666666
0.35632034632034637
0.05042517006802721
-0.04836419753086418
0.11791969231485361
0.46574074074074073
0.1411845730027548
-0.4633838383838383
0.28125
-0.10151515151515152
0.36875
0.4919642857142857
0.0
0.5578571428571429
-0.06250000000000001
0.09633000927643785
0.044444444444444474
0.75
0.2604166666666667
0.18914141414141417
0.3
0.30339543269230773
-0.12900000000000003
0.1266574839302112
0.14048295454545454
0.32142857142857145
0.2193877551020408
0.05416666666666667
0.1434166666666667
0.18346438172043011
0.07908333333333335
0.361595238095238
-0.20999999999999996
0.09242530345471524
0.09054012345679013
0.12375
0.20749999999999996
0.4229166666666666
0.2880208333333334
0.4339285714285715
-0.035073260073260074
0.20833333333333334
0.2866912427849928
-0.05416666666666666
-0.3
-0.05875000000000001
0.64
-0.344047619047619
0.1922463768115942
0.09914965986394557
0.25419372294372294
0.15325396825396828
0.2825757575757576
0.04151844532279315
0.25
0.3125
0.3166666666666667
0.6211111111111111
-0.13571428571428573
0.3375000000000001
-0.0012499999999999942
-0.075
0.23150252525252527
-0.140625
0.0
0.12357646229739254
0.023958333333333318
-0.0756318949867337
0.2486742424242424
0.23062500000000002
0.14296874999999998
0.43333333333333335
-0.24444444444444446
0.41666666666666663
-0.15
0.09103294853294853
0.2790404040404041
0.47327272727272723
-0.017901234567901242
0.31888888888888883
0.16048951048951046
-0.02609437975817287
-0.1
0.12575757575757576
-0.04785714285714286
0.3151515151515152
-0.19
0.2565476190476191
0.4119047619047619
0.1400299289188178
0.3107142857142858
0.21616161616161617
0.1558531746031746
0.475
0.004861111111111112
0.34552083333333333
0.39218749999999997
0.05625000000000003
0.09404761904761905
0.15516666666666665
0.33321886446886445
-0.008571428571428574
-0.05046296296296296
-0.05277777777777778
0.08367724867724867
0.14573002754820938
-0.10909090909090906
-0.23333333333333334
0.2333333333333333
0.35
0.2611111111111112
0.37572642543859647
0.04750000000000002
0.37928194993412384
0.03611111111111111
0.0915104166666667
0.39444444444444443
-0.049999999999999996
-0.07142857142857141
-0.05803571428571428
0.21133608815426996
0.04350059031877213
-0.08571428571428572
0.058320215138396955
0.0458726858518945
0.2518398268398268
0.050432900432900434
0.12617187500000002
0.20833333333333337
0.1875
0.19642857142857145
0.7999999999999999
0.3896103896103896
0.28703703703703703
0.4795959595959596
0.010714285714285716
0.35625
0.36333333333333334
0.2560714285714286
0.05709876543209876
-0.195
0.1238095238095238
-0.14999999999999997
-0.12283950617283951
-0.15000000000000002
0.14548611111111112
0.3263888888888889
0.0
0.5
0.0393939393939394
0.151010101010101
0.29113636363636364
0.29500000000000004
0.29067460317460314
-0.09999999999999999
-0.08295454545454546
0.15677083333333336
0.175
0.6
0.1152777777777778
-0.534
0.3177380952380952
0.1692857142857143
0.18333333333333335
0.159375
0.2692028985507246
0.32205882352941173
0.20404040404040405
0.08333333333333333
-0.11096681096681096
-0.22125
0.3592261904761904
0.21428571428571425
0.1450113378684807
0.125
0.525
0.07948717948717948
0.29000000000000004
-0.053968253968253964
0.8125732421874999
0.85
0.00036300505050504417
0.20273809523809522
0.22677469135802467
0.024573863636363637
-0.012500000000000002
-0.1375
0.20241046831955922
-0.10813492063492063
-0.03376623376623377
0.0
0.17916666666666667
0.140625
-0.04015151515151514
0.3666666666666667
0.05277777777777778
-0.020555555555555566
0.0625
0.0031250000000000028
0.06583333333333334
-0.015702947845804997
0.05625000000000001
0.23044490231990233
0.19786904761904764
0.33333333333333337
0.01867724867724867
0.0930555555555556
-0.08571428571428573
0.23680303030303032
-0.05879629629629631
0.23793131510416665
-0.5375
0.046031746031746035
0.2823529411764706
0.39999999999999997
0.5476190476190476
0.13333333333333333
0.25222222222222224
-0.2057954545454545
-0.475
0.0020687830687830663
0.1857142857142857
0.25952741702741705
0.23750000000000002
-0.16426767676767676
0.4818181818181818
0.0
-0.1793650793650794
0.1035583103764922
-0.08666666666666667
0.3708333333333334
0.32222222222222213
-0.27499999999999997
-0.0014062500000000088
-0.009465020576131685
0.47500000000000003
0.39217171717171717
0.1864705882352941
0.11570512820512822
0.04301948051948052
1.0
0.21458333333333335
0.013928571428571446
0.375
-0.2014423076923077
0.20616258741258742
0.2
0.011111111111111118
0.08076923076923077
-0.07706766917293231
-0.75
0.4395833333333334
-0.13125
0.0
0.0931547619047619
-0.055303030303030326
0.1405844155844156
-0.3210227272727273
0.03666666666666666
0.14872685185185186
0.2672727272727273
0.2898039215686274
-0.25
-0.09999999999999999
0.60625
-0.4
0.10532698638167391
-0.2571428571428572
0.6041666666666667
0.75
0.08151041666666667
0.15238095238095237
-1.0
0.0
0.13786057692307693
0.4546363636363636
0.09154647435897438
-0.1446969696969697
0.2212724775224775
0.013425925925925921
0.0846638655462185
0.175
0.23125
-0.07592592592592595
0.23247316919191918
0.3021990740740741
0.21277777777777782
0.5625
0.525
0.3397222222222222
0.1611842105263158
0.09956228956228957
0.009375000000000022
0.3512626262626262
0.2544444444444445
0.3043650793650794
0.5
0.10977489177489179
0.1405844155844156
0.35798319327731093
0.030671296296296297
0.07375
-0.3333333333333333
0.45
0.32423469387755105
0.3833333333333333
0.289010989010989
0.33409090909090905
0.24166666666666664
0.06319444444444444
0.075
0.03571428571428571
0.125
0.2875
0.3065789473684211
0.1953125
0.015535714285714285
0.23024891774891773
-0.03502747252747252
0.56875
0.05833333333333333
0.292
0.042499999999999996
-0.65
0.4625
-0.5199999999999999
0.4178787878787879
-0.0675
-0.11613605442176872
0.0
0.5166666666666667
-0.01250000000000002
0.02727272727272727
-0.021376556260277194
-0.07537593984962405
-0.9750000000000001
-0.2222222222222222
-0.009937888198757768
0.35000000000000003
-0.45
0.42500000000000004
0.22319624819624817
0.042142857142857156
0.5219047619047619
-0.18750000000000003
-0.04339015151515151
-0.6999999999999998
0.08995726495726496
0.31507936507936507
-0.05227272727272727
0.4252604166666666
-0.29107142857142854
0.2513888888888889
-0.050595238095238096
0.24999999999999997
0.19650735294117647
-0.06458333333333334
0.2
-0.006481481481481477
0.02454212454212455
-0.13418367346938778
-0.008420745920745916
-0.05312499999999998
0.37202380952380953
0.3472222222222222
0.12110389610389614
0.1255639097744361
0.19574074074074074
0.21986607142857142
0.19797008547008546
-0.11083333333333334
-0.06753968253968254
0.3
0.32363636363636367
0.09333333333333334
-0.015833333333333328
0.09092312008978676
-0.2040625
0.1658333333333333
0.5017857142857143
0.1944602272727273
0.2222222222222222
-0.3042222222222223
-0.03176206509539843
0.525
0.4041666666666666
0.4019442471590909
-0.18990929705215423
0.0
0.20128205128205132
0.2696969696969697
0.17386363636363636
0.2604329004329004
-0.12083333333333335
0.35709956709956714
-0.13437500000000005
0.3404761904761905
0.15000000000000002
0.5142857142857143
0.06363636363636363
-0.13333333333333333
0.027333333333333324
0.1271604938271605
0.2951388888888889
0.45602678571428573
0.209375
0.37187499999999996
0.3614285714285715
-0.02857142857142857
0.03400974025974025
-0.06000000000000001
0.1534798534798535
0.3125
0.31770833333333337
0.5660000000000001
-0.21111111111111114
0.00609848484848485
0.40138888888888896
0.06260912698412699
0.1638888888888889
0.23039215686274508
0.4340909090909091
0.023448773448773448
-0.48333333333333334
0.2916666666666667
-0.6950000000000001
0.2339393939393939
0.3747023809523809
0.17576923076923082
0.11935897435897437
0.012500000000000018
-0.09999999999999998
0.27820512820512816
0.3833333333333333
0.5
0.17333333333333334
-0.0957431891025641
0.2112076648841355
0.3854166666666667
0.2266666666666667
0.23976856476856476
0.1619047619047619
0.44683333333333336
0.13083333333333333
0.0
0.32958333333333323
-0.404632568359375
0.16249999999999998
0.5226515151515151
0.00714285714285715
0.11250000000000002
-0.525
0.225
0.14476190476190479
0.46875
-0.15119047619047615
0.184472049689441
0.09294871794871794
-1.0
0.595
0.234375
0.3791666666666667
0.05833333333333334
0.06666666666666665
-0.10952380952380951
0.1976315789473684
0.04356060606060606
0.23503787878787882
0.07777777777777778
0.018333333333333344
0.1122811447811448
0.04692982456140351
-0.06805555555555555
-0.21874999999999997
0.12000160333493665
0.42573892332415064
0.19254712301587304
-0.288888888888889
-0.42500000000000004
0.03555555555555555
0.1944347319347319
-0.10625
0.08600765306122447
0.1386363636363636
-0.205
-0.05999999999999996
0.0625
0.04581632653061223
0.25
0.03422619047619047
0.09117128154864004
0.0
-0.09050925925925926
-0.13125
0.0
-0.15
0.0
-0.09387254901960783
0.21885521885521886
-0.06071428571428572
-0.03802863802863803
-0.030844155844155844
0.265625
0.325
-0.09861111111111111
-0.028124999999999997
0.33666666666666667
0.3218914141414142
0.15416666666666667
-0.0031250000000000028
-0.056060606060606075
-0.014682539682539691
0.18333333333333332
-0.11071428571428574
0.051282051282051294
-1.0
0.0
0.11845238095238096
0.008673469387755092
0.1
0.06805555555555552
-0.1761904761904762
0.33999999999999997
-0.1218137254901961
0.3678571428571429
-0.032155521783181346
-0.0988888888888889
0.056066067420234074
0.14444444444444446
0.11904761904761904
0.026010101010101
0.0865079365079365
0.125
0.029999999999999992
0.275
-0.16249999999999998
-0.1
-0.055555555555555504
-0.13863636363636364
0.20658820346320347
0.20083333333333334
-0.05073099415204679
-0.13646138807429126
-1.0
0.2416666666666666
-0.002666666666666669
0.2240625
0.6229166666666667
-0.3333333333333333
0.24293062200956936
0.13333333333333336
-0.2222222222222222
0.05657894736842105
-0.12520408163265306
0.37
0.07857142857142858
0.07622549019607844
-0.02708333333333333
0.30792139077853364
0.25517676767676767
-0.07921006944444445
0.14722222222222223
0.08502284752284753
0.13333333333333333
0.40669191919191916
0.09999999999999999
0.33107142857142857
-0.16148148148148148
-0.1027504105090312
0.05170068027210885
-3.700743415417188e-17
0.24268207282913162
0.44642857142857145
0.0978316326530612
0.10302308802308803
0.40510204081632656
0.11339285714285714
0.015674603174603174
-0.1875
-0.23888888888888885
0.011063218390804595
0.37314285714285716
-0.09
0.029166666666666664
0.3
0.36250000000000004
-0.007692307692307699
-0.09999999999999994
0.1468121986414669
0.2375
0.40625
-0.011363636363636364
0.014746376811594197
0.2257017543859649
0.206720309493747
0.08980158730158731
0.52
-0.004285714285714287
-0.13444444444444445
-0.15555555555555559
0.125
0.4916666666666667
0.3061950757575758
0.22916666666666666
0.29362745098039217
0.35714285714285715
-0.1349206349206349
0.45
-0.09635176651305682
0.1266666666666667
-0.0607142857142857
0.2317460317460317
-0.43333333333333335
0.121875
-0.04938271604938271
0.4535714285714286
-0.03133116883116883
-0.018518518518518528
0.2875
0.6041666666666666
0.017857142857142856
0.475
0.2693181818181818
0.13750000000000004
0.25625
0.06266537556011241
0.08076923076923077
0.10331890331890331
-0.028571428571428574
-0.11111111111111112
-0.8
0.2659375
0.4666666666666666
0.65
0.0
0.3148148148148148
0.47777777777777775
-0.05375000000000001
0.2602950310559007
-0.02987726098191215
0.03916666666666666
0.2089285714285714
-0.044444444444444446
0.5479166666666666
0.5349999999999999
0.17761223344556681
0.2441287878787879
-0.4083333333333333
0.029999999999999992
0.34093749999999995
-0.09666666666666668
0.35
-0.09999999999999999
0.21251670140559026
0.3893939393939394
0.6833333333333333
0.0
-1.0
0.5
0.06217105263157894
0.1004050925925926
-0.04999999999999999
0.0
-0.46510416666666665
0.14070247933884297
0.65
0.1394179894179894
0.04427083333333334
0.09898459383753501
0.275
0.11904761904761904
0.03584656084656084
0.4976190476190476
-0.12422696351267781
-0.2
0.01065197428833792
0.03333333333333336
-0.06481481481481483
0.4355555555555556
-0.3333333333333333
0.15555555555555556
0.17271241830065362
-0.5666666666666667
0.725
-0.1015625
0.26285714285714284
0.21166666666666667
-0.002951388888888875
0.234375
0.1625
0.00833333333333333
0.4575
0.2595959595959596
0.27999999999999997
-0.03248556998556998
-0.05125850340136055
0.1625
0.16875
-0.15833333333333335
0.12272727272727278
-0.39116753472222215
0.03
-0.03333333333333333
0.01943722943722942
0.1922549019607843
0.14166666666666666
0.037404817404817395
0.10032894736842106
-0.11972222222222224
0.2222222222222222
-0.04996376811594203
-1.0
0.11562499999999999
0.10364583333333333
0.1828898951925267
0.26446516446516444
0.4083333333333334
0.23315018315018318
0.40625
0.5619047619047619
-0.6999999999999998
0.1405844155844156
0.4183333333333333
0.07575757575757575
0.03761904761904765
-0.16999999999999998
0.008831018518518498
0.2525316658649992
0.10544871794871793
0.14394409937888197
0.17268518518518522
0.25
0.1744318181818182
0.28045714285714285
0.03204164256795836
0.26666666666666666
0.18298245614035089
0.00833333333333336
0.10876831501831502
-0.36666666666666664
0.39863636363636357
-0.11917293233082708
0.3375
0.5389204545454546
-0.13809523809523808
0.047400192400192394
0.3464015151515152
0.22794117647058823
0.4666666666666666
-0.015625
0.48125
-0.195
0.05412920412920414
0.18106060606060606
0.42767857142857146
-0.09214285714285718
0.13999999999999999
-0.07964285714285717
0.31
-0.2323608958907254
-0.3857142857142857
0.1417535903250189
-0.4691666666666666
-0.3645833333333333
0.06009803921568628
-0.005322455322455318
0.2380952380952381
0.3916666666666666
-0.0018939393939393972
-0.08333333333333333
0.17227564102564102
-0.1
0.09965710215710215
0.10243506493506493
-0.16232782369146007
0.08199999999999999
0.43999999999999995
0.15769230769230771
-0.13521645021645026
-0.03
0.10169457735247209
0.27173160173160177
0.05833333333333334
0.031679894179894176
-0.06875
-0.21136363636363634
-0.26388888888888895
-0.2328125
0.05367647058823528
0.08991062700740121
0.2644421487603306
-0.08611111111111112
-0.038157894736842106
-0.04703947368421053
-0.125
0.0354636591478697
0.16983024691358029
0.06629464285714287
-0.11904761904761905
-0.425
0.19702380952380952
0.07552083333333331
0.10316358024691358
-0.11929501488095236
0.31406249999999997
0.21635383597883592
-0.012470484061393151
-1.0
0.08166666666666667
0.23148148148148145
-0.07272727272727274
0.03145833333333331
0.22272727272727275
0.056305683563748085
-0.13467261904761907
0.45892857142857146
0.09624819624819625
0.02874999999999999
-0.04093406593406595
0.02023212419764145
0.0
-0.095701581027668
0.35
0.16666666666666666
0.12958333333333333
0.175
0.15
0.14042699724517907
-0.13703703703703704
-0.16666666666666666
-0.07142857142857141
0.05525210084033613
0.39999999999999997
0.3162698412698412
0.3333333333333333
0.5840909090909091
-0.2
-0.005882352941176489
0.2940759637188209
0.18262987012987017
0.08547979797979798
-0.008571428571428567
0.16030303030303028
0.33307291666666666
-0.2
0.2761904761904762
0.07462121212121213
0.21666666666666667
0.0
0.0
0.16
0.30416666666666664
0.02553841991341993
-0.18200000000000002
-0.19026988636363637
0.07622802734375
0.175625
0.00285087719298245
0.41000000000000003
0.23111111111111113
0.3325714285714286
-0.14285714285714285
0.06557971014492754
-0.5875
0.1498015873015873
0.11458333333333333
0.15238095238095237
0.10097402597402598
0.145
0.13381261595547309
0.0891468253968254
0.06209935897435898
0.2203030303030303
-0.01877599524658348
-0.4
0.08392857142857144
-0.0148148148148148
0.10727272727272728
0.4107619047619048
-0.03214285714285714
0.4291666666666666
0.30333333333333334
-0.014583333333333332
-0.13560606060606062
0.646484375
0.19920634920634922
-0.225
0.02923076923076926
-0.13125
0.04791666666666666
0.07279647435897435
0.36875
0.13138528138528138
-0.0017857142857142874
0.42962962962962964
-0.2625
-0.22824074074074074
0.5583333333333333
0.032142857142857126
0.1756469979296066
-0.5533333333333333
0.3
0.21530112044817928
-0.2
0.074
0.7
-0.3958333333333333
0.5053571428571428
-0.015478515624999988
-0.16666666666666669
0.19616402116402115
-0.005648148148148157
0.3055555555555555
0.15583333333333335
0.0184011807058682
0.0
0.08125000000000002
0.07988636363636363
0.6375000000000001
9.79608551139844e-18
-0.23125
-0.32154195011337866
0.08830850522026994
-0.15833333333333333
0.1262310606060606
-0.01867656153370438
0.2375
-0.024178116569420923
0.17857142857142858
-0.005952380952380964
0.010586734693877553
0.4196969696969697
0.00041666666666665965
0.19393939393939394
0.17365873015873015
-0.3
0.32
0.3733333333333334
0.21571428571428575
0.5277777777777778
0.007953342953342945
-0.13333333333333333
-0.0861111111111111
-0.41166666666666674
0.04662698412698412
-0.27227891156462586
0.2960851648351648
0.012946428571428574
0.39999999999999997
0.18636363636363634
-0.05555555555555555
0.32575757575757575
-0.3666666666666667
0.08201190476190476
0.11925
0.5133333333333334
0.17625517598343682
0.06706349206349206
0.17652597402597406
0.31145833333333334
0.392989417989418
0.5625
0.0
0.1516666666666667
0.125
0.280786056049214
0.0621031746031746
-0.03888888888888889
0.07745847902097902
0.04978650675371987
-0.04334650856389987
0.06250000000000003
0.0912531328320802
0.06993464052287582
0.263037109375
0.0
-0.11944444444444446
-0.08333333333333333
0.16249999999999998
-0.2
-0.11145833333333333
-0.05849331827592695
0.08095238095238091
0.33579545454545456
0.1268939393939394
0.39643990929705214
-0.007142857142857145
0.37188311688311687
-0.0015625000000000083
0.18685897435897436
0.1808888888888889
0.30787037037037035
0.048384353741496584
0.48713474025974024
0.09909784226190478
-0.14564393939393938
-0.8125
0.18459595959595956
0.06843434343434342
0.12405303030303029
0.0375
0.008333333333333326
0.4492424242424243
0.026495726495726506
0.08208333333333334
0.78
0.14795321637426903
-0.1875
0.48914285714285716
0.06931179138321998
0.5
0.22719244071146247
-0.14143356643356642
0.07552083333333333
0.21402116402116403
-0.25
0.1390873015873016
0.4414285714285714
0.4000000000000001
-0.2
0.38506493506493505
0.05129870129870126
-0.3277777777777778
-0.007575757575757589
-0.004464285714285706
-0.07
0.08297230113636363
0.45
0.06666666666666667
0.215
0.18035714285714285
0.402587890625
0.0
0.1019940476190476
0.03114035087719299
0.04157240608853513
0.5277777777777778
-0.2587777777777778
0.0
0.15070684523809527
0.12916666666666665
0.011274509803921568
-0.06969696969696969
-0.1875
-0.3002083333333333
-0.024242424242424235
0.20018939393939394
0.17477272727272725
0.17245670995670995
0.22423469387755107
-0.5
-0.39
0.18260682219015553
-0.09882154882154882
-0.09997674851190476
0.35
0.04825396825396828
-0.8125
0.4363888888888889
0.08462481962481962
0.1401154401154401
-0.10158730158730159
0.026515151515151533
-0.03749999999999999
0.22772486772486775
-0.43333333333333335
-0.23952380952380947
0.2640879953379953
-0.14285714285714285
0.10420634920634919
0.14442212301587298
-0.11000000000000001
0.4035714285714286
0.4
0.32393308080808086
0.6749999999999999
0.14113756613756614
0.2066666666666667
-0.008159722222222228
0.042979797979797986
0.0963095238095238
0.12265625000000002
0.11805555555555554
0.16041666666666668
0.05357142857142857
-0.5625
0.3107142857142858
0.007575757575757577
-0.12105263157894736
0.15364219114219113
0.12384259259259259
0.14476190476190479
0.11833333333333333
-0.00625
0.37666666666666665
0.39125
0.15122222222222226
0.6444444444444444
0.12170917317976139
0.18364898989898987
-0.1675
0.16499999999999998
0.07912414965986395
0.1272222222222222
0.1405844155844156
-0.03995098039215686
-0.09430555555555556
-0.19808146399055493
-0.044166666666666674
0.0
0.23948834853090165
0.11822196620583718
0.6944444444444443
-0.2484848484848485
0.009608843537414948
0.1357142857142857
0.016161616161616155
0.22666666666666666
-0.27111111111111114
0.015104166666666669
0.027777777777777766
-0.21666666666666667
0.21695402298850572
0.5650000000000001
-0.14183673469387756
0.059635416666666684
0.0893939393939394
0.3583333333333334
0.0959592490842491
0.20041666666666663
-0.12171717171717175
0.29444444444444445
0.3333333333333333
0.6499999999999999
-0.17337962962962963
-0.19374999999999998
0.13333333333333336
-0.038548752834467126
-0.0016666666666666802
-0.08636363636363635
0.11418439716312058
-0.16711647727272727
0.07666666666666667
0.3
-0.019785565741448095
-0.19666666666666668
0.2016581632653061
-0.1845238095238095
-0.20486111111111108
0.23333333333333334
0.4125
0.27222222222222225
0.25000000000000006
0.41500000000000004
-0.04470899470899471
-0.043333333333333335
0.1162326388888889
-0.05611325611325612
0.2026315789473684
-0.017722348813657404
0.38666666666666666
0.32859848484848486
0.2483766233766234
0.05
-0.03382352941176471
0.2388888888888889
0.44333333333333336
0.35227272727272724
-0.06944444444444445
0.042356977513227506
0.40208333333333335
0.23312499999999997
-0.008333333333333338
0.02516025641025641
0.09642857142857142
0.11071428571428574
0.20072016460905348
0.5706439393939394
0.024999999999999994
-0.07575757575757576
0.41666666666666663
0.10277777777777779
0.05937500000000002
0.1973214285714286
0.3515625
-0.03257575757575758
0.07638888888888888
0.2361244019138756
0.6
0.22614795918367345
0.10314814814814814
0.0
0.1823481116584565
0.1798611111111111
-0.2475
0.25272222222222224
0.4919312169312169
0.2089285714285714
0.04008503401360544
0.5857142857142857
-0.23703703703703705
0.3001373626373627
0.1503968253968254
-0.29874999999999996
-0.1
0.43166666666666664
0.35833333333333334
0.022727272727272728
-0.12385349025974025
-0.1552083333333333
-0.022023809523809532
0.0
-0.22722222222222224
-0.25
0.04838817866161616
0.20156249999999998
0.11799019607843138
-0.08333333333333333
0.49821428571428567
0.19999999999999998
-0.3666666666666667
0.20681818181818185
0.2125
0.560087890625
0.31696969696969696
-0.18851562500000002
-0.1625
0.4214285714285714
0.017291666666666667
0.09404761904761905
-0.4763888888888889
-0.1967948717948718
0.013783068783068774
0.0
-0.11898148148148145
0.37293233082706767
-0.08928571428571429
0.25099025974025974
-0.00793650793650794
0.35833333333333334
0.018750000000000003
-0.14571428571428574
0.13997668997669
-0.24591836734693878
0.151
0.39166666666666666
0.36500000000000005
-0.5
0.46039540816326524
-0.1899832589285714
0.26028499278499273
0.03750000000000001
0.30277777777777776
0.1538630351130351
0.13333333333333333
0.17500000000000002
