0.15165739147638355
0.6599999999999999
0.053333333333333344
0.04729166666666666
0.2281746031746032
0.23854166666666665
0.39681547619047614
-0.2
0.03197601010101009
0.009143518518518518
0.4916666666666667
0.11346918663991835
0.4666666666666666
0.09712121212121212
-0.01777746179601649
0.3938888888888889
0.39999999999999997
0.4766666666666666
0.2362586179252846
0.4870370370370371
-0.1834293910435268
0.10891812865497078
0.496875
0.12736024844720498
0.1768939393939394
0.17926488095238097
0.1354106280193237
0.05511111111111109
0.10910364145658263
0.09513888888888891
-0.0894302104899931
-0.057142857142857155
0.44000000000000006
0.11296296296296296
0.2571428571428571
0.17160493827160492
-0.12803030303030302
0.42777777777777776
0.1377142857142857
0.0557638888888889
0.09698067632850242
0.3104166666666667
-0.04999999999999997
0.036111111111111115
0.35000000000000003
0.14294871794871794
0.2020833333333333
0.12314814814814817
0.231986531986532
0.2501666666666667
0.5943750000000001
0.19295454545454546
0.2234375
0.047470238095238086
0.5915854978354979
0.33888888888888885
0.4299479166666666
0.33968750000000003
0.36363636363636365
0.1603896103896104
0.11505189255189256
-0.04210526315789473
0.06973684210526317
0.4035714285714286
1.0
0.24583333333333335
0.2795238095238095
0.2489010989010989
0.14041666666666666
0.30833333333333335
0.15823982304245462
0.3952020202020202
0.4871428571428572
0.3467171717171717
0.17617424242424243
0.33766606956262124
0.03356944444444445
0.12731060606060604
0.2586038961038961
0.6
0.1626068376068376
0.22527777777777777
-0.3533333333333334
0.4151515151515151
0.325
0.14772727272727273
0.07267857142857144
0.2233044733044733
0.26296296296296295
-0.2586111111111111
-0.15000000000000002
0.005352147852147848
0.2572916666666667
0.13666666666666666
0.22007575757575762
0.1527777777777778
0.07000000000000002
0.04015873015873016
-0.09722222222222222
-0.00833333333333334
0.30000000000000004
0.20549242424242423
0.39999999999999997
0.18353174603174605
0.58
0.20433333333333334
0.11505230880230882
0.14122807017543862
0.18183421516754844
0.21244929453262787
0.3814814814814815
0.08119047619047617
0.08015873015873017
0.024242424242424232
0.2311417748917749
-0.05222222222222223
-0.26666666666666666
0.3861111111111111
0.2818253968253968
0.0808320707070707
0.4552083333333333
0.1416500553709856
-0.003938492063492055
0.027348484848484844
0.2382231404958678
-0.12407407407407406
0.5078571428571429
0.6
0.21025641025641023
0.476
0.1865942028985507
0.11351851851851852
0.2354166666666667
-0.4
0.17052130325814535
0.11649659863945579
-0.375
-0.021743646138807433
0.49142857142857144
0.12168367346938777
0.31666666666666665
-0.42361111111111116
-0.04370370370370371
-0.42361111111111116
0.1546153846153846
0.0
0.08402777777777777
0.14002651515151515
0.24368990384615388
0.181218820861678
0.19252747252747252
0.5
0.3044805194805196
0.056060606060606054
0.2731060606060606
0.11611111111111112
0.08687830687830689
0.07514233954451345
0.05463821892393318
0.007083333333333335
0.5166666666666667
0.1936363636363636
0.5822222222222222
0.29250000000000004
0.2361469237832874
0.2228333333333333
0.4041666666666667
0.17272727272727273
0.37976190476190474
0.2869553872053872
0.14954545454545456
0.18822916666666667
0.10653935185185186
0.325
0.1592708333333333
0.399537037037037
0.1975820707070707
0.2891774891774892
0.03474025974025974
0.375
0.190625
0.047058823529411764
0.049999999999999996
0.2809523809523809
0.32222222222222224
-0.03169230769230771
0.24096707818930035
0.2027777777777778
0.07548363095238093
0.1575
0.39305555555555555
0.3080533668567205
0.47395833333333337
0.07777777777777782
0.07958646616541354
0.21107526881720431
-0.04583333333333333
0.22839285714285718
-0.24158163265306118
-0.39
0.13228385899814474
0.19772727272727272
-0.16190476190476188
0.06221462747778535
0.04427910052910053
0.16666666666666666
0.1455357142857143
-0.017391304347826073
-0.12916666666666665
-0.17500000000000002
0.14097222222222225
0.07775031887755103
-0.09999999999999998
0.4608465608465609
0.3803397612488522
-0.26666666666666666
0.15999999999999998
0.46333333333333326
0.3466666666666666
0.006481481481481483
0.35704099821746876
0.35520833333333335
0.35227272727272724
0.346875
0.5333333333333333
0.65
0.30041666666666667
-0.08609307359307358
-0.5
0.3333333333333333
0.04191919191919192
0.59375
1.0
-1.0
0.25416666666666665
-0.028086419753086424
0.375
0.2622474747474747
0.04999999999999999
0.18125000000000002
0.536547619047619
0.506
-0.11547619047619048
0.15312499999999998
0.14444444444444443
-0.41397520123106063
0.017708333333333347
0.10500000000000001
0.3649659863945579
0.2785644712430427
0.34427083333333336
-0.15111111111111114
0.3196401515151515
0.24328125
0.05000000000000001
0.3446886446886447
0.05
0.153125
-0.043
0.10178571428571428
0.3833333333333333
-0.0375
0.15648148148148147
0.59375
0.0016233766233766061
0.34888888888888886
0.09087301587301588
0.24166666666666664
-0.0996560846560847
0.28194444444444444
0.5872402597402598
0.22078231292517006
0.3692307692307693
-0.03309523809523811
0.18203703703703702
0.35
0.366
0.3205555555555556
0.024298941798941803
-0.005928571428571427
0.10013888888888889
0.26627450980392153
0.5900000000000001
0.20085137085137084
-0.125
0.3375
0.39345238095238094
0.3148148148148148
-0.020535714285714286
0.17663636363636365
0.024999999999999994
0.45410256410256405
0.10925
-0.08333333333333333
0.3662626262626263
0.2886931818181818
0.18736842105263157
0.04791666666666667
0.23865523182957396
0.11875000000000001
-0.11750000000000001
0.3699512987012987
0.38
-0.0062500000000000056
0.39404761904761904
0.7083333333333334
0.5558441558441559
0.23589743589743595
0.15
0.4121527777777778
0.38
0.44375
0.15625000000000003
0.11666666666666667
0.499
0.24281249999999996
0.0
-0.04999999999999996
0.375
0.05811128526645766
0.2866161616161616
-0.03249999999999999
0.022222222222222213
0.21587301587301588
0.33560606060606063
0.26064814814814813
0.30359375
0.0
0.6599999999999999
-0.09333333333333332
0.19714285714285712
0.15833333333333335
0.2547619047619048
0.01826923076923077
-0.01541806958473625
-0.20000000000000004
0.44090909090909086
-0.0018518518518518515
0.06944444444444445
0.24374999999999997
0.4152834467120181
0.08230234677603102
0.19567099567099566
0.3991161616161616
0.3958333333333333
0.4975
0.42000000000000004
0.34090909090909094
0.7714285714285715
0.04008838383838383
0.23908730158730154
0.4714285714285714
0.23500000000000001
-0.021388888888888898
0.3477746212121212
0.5703125
0.1971794871794872
0.052380952380952375
0.42
0.11000000000000001
0.030172413793103453
-0.02403846153846154
-0.45555555555555555
0.23093750000000002
0.11297619047619048
0.17236024844720496
0.2633333333333333
0.29
0.27292626728110597
0.3956944444444444
0.09164921100404971
0.10416666666666666
0.038888888888888896
0.01785714285714286
-0.04370039682539682
0.30691526610644265
0.08558558558558559
0.2333333333333333
0.014909722222222232
0.10000000000000003
0.0625
-0.140625
0.09801418439716311
0.021385368663594462
0.33713235294117644
0.10555555555555556
0.15833333333333335
0.33905844155844156
-0.024999999999999998
0.2787878787878788
0.08869949494949496
0.5287037037037037
0.022751322751322755
0.2520833333333333
0.5
0.3979166666666667
0.07127777777777777
0.54375
-0.011111111111111118
-0.24303385416666665
0.3459333333333333
0.5171428571428571
-0.6166666666666667
0.26071428571428573
0.07243271221532091
0.030625000000000003
0.30245098039215684
-0.1464285714285714
-0.2361111111111111
-0.12455357142857144
0.24313025210084038
0.13333333333333333
0.3574404761904762
0.1381515151515152
-0.26
0.4162587412587413
0.12766666666666665
0.019479166666666665
-0.075
