-0.04999999999999999
0.3895833333333334
0.29374999999999996
0.24285714285714285
0.16965136054421773
0.3181818181818182
0.3995421245421245
-0.21666666666666662
0.17205882352941176
0.6875
0.32
0.4375
0.03722222222222222
0.24999999999999994
-0.1875
-0.2425
0.3611111111111111
0.8083333333333332
0.5
0.042261904761904764
-0.6
0.6953125
-0.043253968253968246
0.04761904761904762
0.42780303030303035
0.2373015873015873
0.28491046831955924
0.41777777777777775
0.27
0.15258503401360546
0.21984920634920638
0.49375
0.020535714285714296
0.4779761904761905
-0.0717032967032967
-0.034374999999999996
0.290625
0.3099911452184179
0.2565306122448979
0.11249999999999999
0.3590909090909091
0.6288888888888889
0.4000000000000001
0.23541666666666666
0.13411458333333334
0.1625
0.37976190476190474
-1.0
0.3474285714285714
0.1892857142857143
-0.15930989583333335
0.3497435897435897
0.1935897435897436
-0.0467203548085901
0.14913189647232197
0.02777777777777779
0.12142857142857141
0.1941666666666667
0.05026041666666666
0.2881944444444445
0.12870370370370368
0.39444444444444443
0.13571428571428568
0.5326530612244899
0.3083333333333333
0.3681344696969697
-0.011904761904761894
0.1643939393939394
0.23952380952380953
0.36979591836734693
0.03830357142857143
0.27651515151515155
0.175
0.14567460317460318
0.15047619047619049
1.0
0.33055555555555555
0.15156250000000004
0.275
0.6305555555555555
0.23750000000000002
0.1510090702947846
0.44083333333333335
0.1859375
0.2595238095238095
-0.14761904761904757
0.27891319444444446
-0.07291666666666667
0.5994897959183673
0.925
0.54
0.21685606060606058
-0.04166666666666668
0.26464646464646463
0.16666666666666666
0.3186100131752305
0.3861363636363636
0.7000000000000001
0.06146616541353383
0.725
0.47500000000000003
-0.02410714285714286
0.3106228956228956
0.34285714285714286
0.1715909090909091
0.0530952380952381
-0.02121212121212122
0.3197916666666667
0.19663814484126985
-0.3215625
0.14374542124542125
0.9
0.35291486291486296
0.12962962962962962
0.2916964285714286
0.4356696428571428
0.27841666666666665
0.5023809523809524
0.2733333333333334
0.3
0.041666666666666664
0.261412037037037
-0.24238095238095236
0.03712121212121213
0.1416666666666667
0.42142857142857143
0.22828282828282828
0.19340659340659344
0.3205539263603779
0.5333333333333333
0.5249999999999999
0.2571428571428572
0.24795725108225106
0.2460016835016835
0.3466049382716049
0.2141528925619835
0.034523809523809526
0.255
0.35208333333333336
0.2714285714285714
0.2730769230769231
0.15087619047619047
0.32999999999999996
0.07583333333333336
0.02727272727272728
0.35857142857142854
0.4288888888888889
0.11886160714285714
0.06485033259423503
0.027797202797202793
0.22499999999999998
0.21666666666666667
0.11666666666666668
0.10157699443413727
0.3035
-0.25
0.75
0.42318840579710143
0.3254166666666667
0.31344246031746026
0.18090909090909088
0.1326984126984127
0.45833333333333337
0.451953125
0.375
0.4574074074074074
-0.02413419913419914
0.25932539682539685
0.325
-0.011666666666666678
0.5
0.21328463203463205
0.001785714285714311
0.20729166666666665
0.275
0.20925925925925926
0.5
0.33796296296296297
0.05813908313908313
0.25263888888888886
0.21328463203463205
-0.25
0.17998556998556997
0.27546296296296297
0.0679393262987013
0.11488095238095239
0.4098484848484849
0.3032242063492064
0.13767361111111112
0.20714285714285716
0.17531944444444444
0.06378787878787878
0.25
0.0069444444444444475
0.14016290726817043
-0.029999999999999985
0.3062499999999999
0.30625
0.23122448979591842
0.24030303030303032
0.07400793650793651
0.17526400367309455
0.6760416666666667
0.12232142857142855
0.26994505494505494
0.3494791666666667
0.6383333333333334
0.2740446428571429
0.14719662058371727
0.031746031746031744
0.1692099567099567
0.11944444444444445
0.17380952380952383
0.2991071428571429
5.551115123125783e-18
0.20604395604395606
0.1611111111111111
0.09769201228878646
0.40557359307359314
0.3566925064599484
0.2798083592820435
0.3418611111111111
0.16236842105263158
0.21114285714285713
0.15500000000000005
0.29425
-0.02037037037037039
0.18166666666666667
0.14583333333333334
0.5687500000000001
0.0447790404040404
0.12740601503759397
0.0
0.2590909090909091
0.2285714285714286
0.15551020408163266
-0.041117562188042536
0.090625
0.01785714285714286
0.15
0.1415579710144928
0.15
-0.03201530612244897
0.16666666666666666
0.19999999999999998
0.46208333333333335
0.3980952380952381
-0.014090909090909093
0.4291666666666667
0.042857142857142864
0.03125
-0.08336834733893557
0.4922222222222223
0.11571428571428573
0.30727272727272725
0.4318287037037037
-0.020454545454545447
0.26282051282051283
0.14444444444444446
0.13005952380952382
0.06439393939393939
0.3391025641025642
0.14561237373737373
0.18573412698412695
0.13035087719298244
0.0556
0.24055555555555555
0.15714285714285717
0.0010416666666666584
0.1288888888888889
-0.03616898148148148
0.4
0.2583333333333333
0.6933333333333332
0.09736111111111115
0.14916666666666667
0.060999999999999985
0.40625
0.29805194805194807
-0.03877551020408163
0.0
0.14600694444444445
0.2761107313738893
0.0
0.28594057457693817
0.24419642857142854
0.125
0.375
0.3416666666666666
0.3766666666666666
0.11228060134310137
-0.1111111111111111
0.45500000000000007
0.26000000000000006
0.42592592592592593
0.4349
0.09438775510204081
0.0011111111111111044
-0.1218920572181442
0.240625
0.23819444444444446
0.40625
0.31053571428571425
-0.3666666666666667
0.73828125
0.2527412280701754
0.14647435897435898
0.5416666666666666
0.4625
0.1516612554112554
-0.07383078231292517
0.19151111111111113
0.058333333333333334
0.2601785714285714
0.0036458333333333295
0.20201825951825947
0.31083333333333335
0.26544117647058824
-0.2392857142857143
0.06775793650793649
0.1582521645021645
0.5762499999999999
-0.25
-0.3125
0.35612244897959183
-0.285515873015873
0.10837191358024692
-0.2392857142857143
0.4730850168350169
0.3434027777777778
-0.08749999999999997
0.11766666666666666
-0.024999999999999994
0.07354166666666667
-0.385
0.1476190476190476
0.234297052154195
0.29047619047619044
0.18662027310924373
0.22745240870240874
0.05833333333333333
-0.08256974506974507
0.13178499278499278
-0.06688967598058508
0.195
0.2927295918367347
0.005648148148148149
0.08333333333333334
0.1663461538461538
0.6250000000000001
0.21443310657596376
0.215625
0.31500000000000006
0.1056158574540927
0.021153846153846155
-0.03183590102707751
0.33869047619047615
0.07182867637413091
0.1115728021978022
0.058008658008658
0.5541666666666666
0.17662180814354725
0.149375
0.2348397435897436
0.06006944444444443
-0.065
0.0856060606060606
0.0
0.17333333333333334
0.054837167025498144
0.08436147186147189
-0.041666666666666664
0.3611111111111111
0.1792717086834734
0.0625
0.09285714285714286
0.4708333333333334
0.30848484848484853
0.10555555555555556
0.10499999999999998
0.0652116402116402
0.3535978835978837
0.14375
0.3
0.3569444444444444
-0.12314814814814816
0.3605555555555555
0.12615555555555555
0.23697916666666666
0.18433566433566434
0.04009687208216621
0.24117187499999998
0.32083333333333336
-0.08571428571428572
0.15482638888888892
0.19226475279106858
-0.05074074074074073
0.27033492822966504
0.19444444444444445
0.14164186507936508
-0.21875
0.11663888888888889
0.32222222222222224
0.17991071428571428
0.14270833333333333
0.0140527950310559
0.525
0.2666666666666667
0.4999999999999999
0.31357142857142856
0.21538461538461537
0.21761904761904766
0.3178019480519481
0.14301406926406926
0.2528499278499279
-0.225
0.36625
0.5147916666666666
0.057894736842105256
0.30954545454545457
0.24166666666666667
0.40133928571428573
0.1629251700680272
0.525
0.1269047619047619
0.0
0.18489010989010993
0.1003728529534981
0.27409090909090905
0.031071428571428573
0.19934771825396824
-0.028863636363636362
-0.061517857142857145
0.35023989898989893
0.012500000000000039
0.27790909090909094
0.1924731182795699
0.18089743589743584
-0.0707521645021645
0.014955357142857145
0.006464646464646456
0.3135854341736695
0.2384090909090909
0.22771164021164017
0.1662878787878788
0.4215000000000001
0.2654761904761905
0.22755102040816325
0.06458333333333333
0.20714285714285713
0.44499999999999995
0.19070585664335662
0.444375
0.2472222222222222
0.42313725490196075
0.35002370645227787
0.4625330687830689
0.19494949494949498
0.81671875
0.37916666666666665
0.27443181818181817
0.20277777777777775
0.2480871212121212
-0.4333333333333333
0.31666666666666665
0.525
0.5401785714285714
0.328125
-0.06354166666666666
0.5
-0.6
0.35222222222222227
0.08755580357142856
0.46428571428571436
0.3058712121212121
0.6541666666666667
0.32499999999999996
-0.2425
0.07037037037037037
0.24166666666666667
0.23703703703703705
0.3807142857142857
0.022200520833333334
0.375
0.41818181818181815
0.14114774114774115
-0.1683779761904762
0.1511679292929293
0.6023809523809524
0.49791666666666673
0.13286813446969697
0.18803418803418798
0.725
0.16861111111111116
0.484375
0.265
0.3326559271694215
0.21882284382284384
0.24222222222222226
0.28204545454545454
0.4166666666666667
0.06666666666666667
0.47500000000000003
0.09943423202614379
-0.178125
0.3141369047619048
0.4366666666666667
0.23854166666666665
0.3059027777777778
0.19739583333333333
0.41904761904761906
0.2534722222222222
0.3508333333333334
0.38359375
0.0369047619047619
0.14717948717948717
0.2333333333333333
0.44000000000000006
0.37755102040816324
0.3389674272486773
0.03145833333333334
0.1652705627705628
0.5
-0.14611328125
0.20034722222222223
-0.13999999999999999
0.027564102564102563
-0.20833333333333334
0.20891534391534397
0.4630536130536131
0.21419913419913422
0.17717755681818181
0.16249999999999998
0.41125
0.09020527859237537
0.3083333333333333
0.38
0.20600000000000004
0.08750000000000001
0.24833847736625514
0.2515717237308146
0.38124149659863943
0.515277777777778
0.22719298245614034
0.4216666666666667
0.2616666666666667
0.21333333333333335
0.3
0.3891012396694215
0.35289115646258506
-0.03595344387755102
0.2951190476190476
0.096875
0.20625000000000004
0.05291666666666668
0.5
0.4454545454545454
0.6946022727272728
0.43303571428571425
-0.03613095238095239
0.2006597222222222
0.39999999999999997
-0.033500881834215165
0.09862139917695474
0.2192221320346321
0.6038888888888888
0.75
-0.5
0.16238517831374977
0.2361111111111111
0.32857142857142857
0.4642857142857143
0.29999999999999993
0.125
0.5866666666666668
0.4047619047619048
0.2539772727272727
0.42500000000000004
0.2754129129129128
0.19385521885521884
0.6
0.24673015873015874
-0.30833333333333335
0.33543290043290036
0.1357142857142857
0.041666666666666685
0.6328125
0.06735632183908048
0.525
0.20516098484848486
0.29145330859616575
0.49583333333333335
0.16320861678004536
0.13724999999999998
0.21428571428571427
0.44666666666666666
0.1113997113997114
0.3465525793650793
0.29333333333333333
-0.43333333333333335
-0.0069444444444444475
0.34148351648351655
0.41500000000000004
0.41359126984126976
0.032986111111111126
0.11666666666666665
0.5265306122448979
0.29217592592592595
0.20647997835497836
0.1693452380952381
0.4133333333333333
0.1441287878787879
0.1152777777777778
0.38888888888888884
0.03768115942028984
-0.0031024531024531014
0.55
-0.20923076923076922
0.1885330578512397
0.5852272727272727
0.3109375
0.007142857142857145
0.625
0.5111111111111111
0.4791666666666667
0.2888888888888889
0.3666666666666667
0.0357142857142857
-0.2611111111111111
0.5045918367346939
0.4583333333333333
0.26830808080808083
0.10392156862745097
0.07916666666666666
-0.11249999999999999
0.5874074074074074
0.36999999999999994
0.09
0.0736658249158249
0.018750000000000003
0.27700051759834365
-0.11083333333333334
0.13838564213564214
0.5291666666666667
0.0
0.2124338624338624
-0.18888888888888888
0.13273809523809524
0.11373626373626375
-0.016666666666666663
-0.4895833333333333
0.2684275793650794
0.8
0.016666666666666673
0.6000000000000001
0.3133928571428571
-0.375
0.42941391941391943
0.40354166666666663
0.15853174603174597
0.2341815476190476
0.32202797202797206
0.2995
-0.009722222222222224
-0.15666666666666668
0.5
0.4222222222222222
0.8375
0.0
0.06688397581254722
-0.08749999999999997
-0.028571428571428557
0.475
-0.2642857142857143
0.2833333333333333
0.4583333333333333
0.15681241765480894
0.4439814814814815
0.09142857142857144
0.20104166666666667
0.21212121212121213
0.25277777777777777
0.10753119429590019
0.3458333333333333
0.0
0.1586560044893378
0.7666666666666666
0.3726190476190476
-0.39666666666666667
0.1864668367346939
0.22723214285714288
0.32
0.31666666666666665
0.6791666666666667
0.1017857142857143
0.25477272727272726
0.1861111111111111
0.575
0.6333333333333333
-0.045
0.40104166666666663
0.059306722689075615
0.18799603174603177
0.22499999999999998
0.121875
0.38776556776556775
0.005555555555555554
0.4928571428571429
0.22992424242424248
0.31071428571428567
0.18953761755485893
0.1768371411064426
0.515
0.335
0.16249999999999998
0.4196078431372549
0.08888888888888889
0.11948051948051946
0.1609375
0.27471767363071714
0.34791666666666665
-0.35
0.4416666666666667
0.3623809523809524
-0.061111111111111116
0.31872107777280195
0.2122994652406417
0.14958333333333332
0.30316091954022995
-0.31830687830687837
0.2
0.10525641025641025
0.5
0.2572727272727272
0.27740384615384617
0.21
0.24025753158406218
0.15649092970521541
0.18214285714285713
0.375
-0.08333333333333333
0.03408828545192182
0.015497328192640688
-0.38666666666666655
0.3956439393939394
0.75
0.20045454545454547
0.10000000000000002
0.65
0.22424242424242422
0.04166666666666665
0.3282051282051282
0.2779761904761905
0.4708333333333334
0.1761904761904762
0.22142857142857147
0.038047138047138045
0.6666666666666666
0.3604099025974026
0.3619047619047619
0.2944444444444444
0.6500000000000001
0.13645833333333335
0.15
-0.2916666666666667
0.34134615384615385
0.27343159486016627
0.1688888888888889
0.07948717948717948
0.3384848484848485
0.38733766233766237
0.2039186507936508
0.06981182795698924
0.20924127810846557
0.2333333333333333
0.12500000000000003
0.45
0.05972222222222223
0.0
0.05952797202797207
-0.020833333333333332
0.27416666666666667
0.25952380952380955
0.2859375
0.17299107142857142
0.12103174603174605
-0.060930735930735926
-0.17456054687500003
0.4035714285714286
0.43333333333333335
-0.185
0.13106060606060607
0.34149659863945575
0.5255952380952381
0.08123655913978493
0.6296296296296295
0.1703703703703704
0.00813692480359147
0.40909090909090906
0.12226190476190475
0.23045995670995673
0.33444444444444443
0.07539682539682538
0.32430555555555557
-0.1369047619047619
0.028181818181818186
-0.01416666666666668
0.05511363636363638
0.27187500000000003
0.12091836734693884
0.3115384615384616
-0.012500000000000006
0.3685185185185185
0.03564814814814813
0.18229166666666666
-0.3333333333333333
0.1375
0.05681335034013605
0.1711038961038961
0.5798611111111112
0.009469696969696956
0.04153645833333333
0.31250000000000006
0.35608153811278814
0.5604166666666667
0.2778571428571429
0.23243055555555556
-0.13407118055555559
0.14656084656084656
0.07916666666666666
0.19194444444444445
0.2895833333333333
0.3545652173913043
0.5416666666666667
0.6060000000000001
0.18276832217261904
0.35833333333333334
0.25816326530612244
0.20750000000000002
0.3283333333333333
0.1068452380952381
0.4134467120181406
0.09375
0.42500000000000004
0.14266269841269844
0.18078703703703705
0.2508333333333333
0.5673333333333332
0.2833333333333333
0.11550324675324676
0.45449735449735446
0.17380952380952383
0.4069444444444444
0.23888888888888887
0.05352564102564102
0.37069444444444444
0.06408730158730155
0.15625
0.25625
0.21634615384615385
0.2944365530303031
0.3987179487179487
0.20079329004329008
0.19100410997732428
-0.03749999999999998
0.15784313725490196
0.7333333333333334
0.5166666666666667
-0.03214285714285713
0.29583333333333334
0.29117535903250186
0.16372549019607843
-0.075
0.225
0.1405075187969925
0.26683333333333337
0.2768861024033438
0.06759259259259259
0.2926425137362637
0.25
-0.1324561403508772
0.4730769230769231
0.3347222222222222
0.4518181818181819
0.734375
0.22313419913419916
0.1
0.2117123617123617
0.4920634920634921
0.44552556818181815
0.30797101449275355
0.06666666666666665
0.2760416666666667
0.43464285714285716
0.12174242424242425
0.36025641025641025
0.32285714285714284
0.4701388888888889
0.3522727272727273
0.17346256684491979
0.5218750000000001
0.1257102272727273
0.09999999999999999
0.3537053571428571
0.22565656565656564
0.16252976190476193
0.06541666666666666
0.23877530127530128
-0.039540816326530615
-0.09772727272727273
0.35
0.4583333333333333
0.40277777777777785
0.08787878787878788
0.48888888888888893
0.15578192640692642
0.05462962962962966
0.40416666666666673
0.19999999999999998
0.22916666666666666
0.16375248015873015
0.14138994991936166
0.0
0.03202260702260702
0.07419871794871796
0.17894736842105263
0.1825073313782991
0.29935897435897435
0.27946428571428567
0.4337878787878788
0.14188034188034188
0.375
0.2
-0.19523809523809524
0.5375
0.1896825396825397
0.3890625
0.30000000000000004
-0.01684981684981685
0.09827870457393482
0.010077422577422576
0.24312499999999998
0.21012396694214874
0.3050925925925926
0.8
0.4989583333333333
0.10677083333333331
0.6
0.18787414965986396
0.1828125
0.5625
0.195
0.08095238095238093
-0.025921201814058964
-0.11788194444444443
0.4125
0.34332837301587305
0.277939393939394
0.30785123966942146
0.0800420168067227
0.215
-0.3092592592592592
0.78125
0.2910714285714286
0.18
0.21293650793650795
0.3711111111111111
-0.04285714285714287
0.2489795918367347
0.185
0.22045634920634924
0.09375
0.5520833333333334
-0.04916666666666666
0.38571428571428573
0.28958333333333336
0.18422619047619046
0.30256410256410254
0.15984848484848485
0.2117694805194805
0.04545454545454544
0.23571428571428574
-0.02221428571428572
0.027777777777777776
0.34722222222222215
0.5155555555555555
0.02376543209876544
0.16847718253968258
0.08684964726631393
0.0336825396825397
0.12916666666666668
0.25440867003367
0.18673245614035086
0.75
0.24375
0.040556628056628054
0.36662337662337663
0.05858134920634919
0.5197916666666667
0.5
0.15000000000000002
-0.45
0.5125
0.4425
0.24586248785228382
0.3766369047619047
0.5473106060606061
0.22502651515151517
0.45
-0.06433982683982684
0.3291666666666667
-0.022499999999999985
-0.1527272727272727
0.01066666666666666
0.17604166666666665
0.11980311355311356
0.34375
0.21156299840510365
0.3272222222222222
0.37716942148760335
0.3610870610870611
0.213337012987013
-0.45999999999999996
0.015079365079365074
-0.010000000000000009
0.225
0.0761921672077922
0.5958333333333333
0.25735247208931417
0.2129848484848485
0.27878787878787886
0.3861111111111112
0.7916666666666666
0.21849076704545456
0.44166666666666665
0.6698979591836736
0.3270871985157699
0.25416666666666665
0.11944444444444446
0.020632608132608133
0.40041666666666675
0.09785454545454546
0.4174242424242425
-0.33333333333333337
0.34633928571428574
0.3806666666666667
0.17777777777777778
0.14315070346320347
0.35231092436974787
0.2692857142857143
0.2804284730421094
0.09607843137254901
0.4764285714285714
0.14873015873015874
0.7083333333333334
0.02209702062643238
0.20812629399585922
-0.10787878787878788
0.09639917695473252
0.21388888888888888
0.031547619047619054
-0.00705146705146706
0.36694444444444446
0.12755602240896363
0.11805555555555554
0.09999999999999998
0.004650673400673403
0.17687389770723103
-0.2541666666666667
0.3662037037037037
0.08299319727891155
0.21000000000000002
0.10714285714285714
0.2167099567099567
-0.11631944444444445
0.029861111111111116
-0.044
0.17814153439153438
0.2
0.6708333333333334
0.2133434343434343
0.4072077922077922
0.30878787878787883
0.3794538794538795
0.42583333333333334
0.06718073593073594
0.3501984126984127
0.439030612244898
0.2727272727272727
0.1
0.08461538461538462
-0.03428130511463844
0.0899537037037037
0.08166666666666668
0.6416666666666666
0.1282777777777778
0.1867142857142857
0.1988686868686869
0.311969696969697
0.625
0.10965277777777777
0.26805555555555555
0.11022727272727273
-0.03416666666666667
0.1858537296037296
-0.2278571428571429
0.10416666666666666
0.7041666666666666
0.1096825396825397
0.35000000000000003
0.28220439691027926
-0.16666666666666666
0.5638888888888889
0.38749999999999996
0.4777777777777778
0.625
0.05070512820512821
0.0011904761904761823
0.3016666666666667
0.30569921150278295
0.15476190476190474
0.01749999999999998
0.20535714285714285
0.0
-0.04598214285714286
0.36759259259259264
0.5750000000000001
0.10241228070175439
0.195
0.06999999999999999
-0.171875
0.12045454545454545
0.38
0.4025
0.0738888888888889
0.08898358585858587
0.26180555555555557
0.10714285714285714
0.4277777777777778
0.16388888888888886
0.10769841269841268
0.18250000000000002
-0.7000000000000001
-0.014236111111111116
0.15598364598364595
0.4583333333333333
0.11875
-0.020833333333333343
0.22394736842105267
0.09375
0.5125000000000001
0.6
0.24444444444444446
0.07705387205387204
0.11894841269841269
0.02884154040404041
0.1875
-0.0738095238095238
-0.1875
0.33214285714285713
0.39166666666666666
0.08968253968253968
0.09435941043083898
-0.10857487922705315
0.10555555555555554
0.15555555555555556
-0.75
0.36
0.2602020202020202
0.5872222222222222
-0.11333333333333333
0.28935185185185186
0.20511363636363636
0.24186789772727274
0.2226190476190476
-0.15
0.2520916305916306
0.6652777777777779
-0.08750000000000001
0.23537414965986392
0.38885416666666667
0.0
-0.29000000000000004
-0.04999999999999999
0.0959325396825397
0.271
0.545
0.11696969696969695
0.23500000000000001
0.25042087542087543
0.3125
0.02031655844155844
0.08499999999999998
0.47361111111111115
0.5643333333333335
0.005782312925170075
0.19843137254901963
0.14449074074074075
0.06818181818181818
0.2805573092031425
0.07261904761904761
0.2833333333333333
0.053214285714285714
0.0
0.25787147793726745
0.16583333333333333
0.19466810966810963
0.33973214285714287
0.09074074074074075
0.24285714285714288
-0.76
0.6480952380952381
0.5750000000000001
0.31476190476190474
0.08703733766233766
0.30454545454545456
0.6208333333333332
0.4760416666666667
0.029066506410256408
0.41666666666666663
0.32629870129870125
0.5
0.1574242424242424
-0.023903508771929833
0.203125
0.2939010989010989
0.22250000000000003
0.3666666666666667
0.11785714285714287
0.3968229166666667
0.19363636363636366
-0.1375
0.47619047619047616
0.23593073593073594
0.825
0.41428571428571426
-0.0009259259259259411
0.4340909090909091
0.0
0.5678571428571428
0.030000000000000027
0.5104166666666666
0.88375
0.3122727272727273
0.28305357142857146
-0.13999066293183937
0.5499999999999999
0.05195578231292516
0.09135338345864662
0.05078125
0.475
-0.044444444444444446
0.5
0.16428571428571428
0.3825
0.3597222222222222
0.24929606625258802
0.08045454545454543
0.39999999999999997
0.19375
-0.16666666666666666
0.16901927437641723
0.4749999999999999
-0.025
-0.021874999999999978
0.4268229166666668
-0.009359737484737483
0.27954545454545454
-0.03593750000000001
0.12577160493827164
-0.020920634920634916
0.4388888888888889
0.3506111111111111
0.11363636363636363
0.3114285714285715
0.29985119047619047
-0.03374999999999999
0.3014880952380952
0.14884259259259258
0.30777777777777776
0.27774410774410774
0.3272222222222222
0.25357142857142856
0.34285714285714286
0.015714285714285712
0.35232916497564937
0.6
0.318006253006253
0.2424479166666667
0.2136347885291547
0.22529761904761908
0.21759552042160735
0.5142857142857143
-0.04761904761904761
0.14375
0.3875
0.24642857142857144
0.33459201388888893
0.3125
0.10677361853832441
0.4583333333333333
0.48
-0.04464285714285714
0.2432142857142857
0.43922558922558924
0.19333333333333333
0.3020833333333334
0.06818181818181818
0.18766071428571432
0.17777777777777778
-0.03412698412698414
0.09794372294372294
0.4064102564102564
0.32499999999999996
0.2986111111111111
-0.07102272727272728
0.34375
0.3357142857142857
0.23933333333333334
-0.014141414141414128
0.6517857142857143
0.5520833333333334
0.41999999999999993
0.2749659863945578
0.34
0.515
0.2568681318681319
0.3636953955135773
0.21314102564102566
0.29166666666666663
0.79765625
0.2993409090909091
0.16145833333333334
0.20909090909090913
0.03333333333333333
0.17034050179211466
0.4
0.5833333333333334
0.39166666666666666
0.35333333333333333
-0.26
0.02741452991452991
0.21041666666666667
0.16805555555555554
0.25853174603174606
0.21078431372549017
0.19772727272727272
0.08878968253968253
0.22155844155844157
0.29000000000000004
0.19047619047619055
0.19074074074074074
0.16176470588235295
0.060833333333333336
0.15516608921556838
0.21210257335257335
0.27836363636363637
0.31428571428571433
0.14285714285714285
0.0
0.6178571428571429
0.15151515151515152
0.11936842918985777
0.3261904761904762
-0.18020833333333333
0.49491341991341997
0.4
-0.09999999999999999
0.11145833333333335
0.34062499999999996
0.2775510204081632
0.0834848484848485
0.5824074074074074
0.2764102564102564
-0.05416666666666666
0.20714285714285716
-0.025
0.1662878787878788
0.44000000000000006
0.3865079365079365
-0.22041666666666665
0.7
0.4147093141233766
0.36
0.6
0.21195887445887449
0.36271929824561405
-0.3173828125
-0.12
0.25078124999999996
0.10178571428571428
0.2707297585227273
0.10705128205128206
0.35446969696969693
-0.01
0.36513888888888885
0.375
0.12583774250440916
0.2878205128205129
0.5
0.16000000000000003
0.25227272727272726
0.23777777777777775
0.1254340277777778
0.32671130952380956
0.4927083333333333
0.5
0.6333333333333334
0.23333333333333336
0.35986111111111113
0.11147222222222222
0.24671052631578952
0.7225
0.5875
0.2408236500341763
0.12181818181818183
0.21944444444444444
0.2541666666666667
0.0
0.29951790633608816
-0.3333333333333333
-0.12307692307692307
0.05000000000000001
0.3547619047619048
0.49333333333333335
0.30095238095238097
0.22500000000000003
0.4392857142857143
0.4366666666666667
0.4783333333333334
0.20277777777777783
0.18571428571428572
0.2625
0.42000000000000004
0.26927083333333335
0.2773057644110276
0.3276515151515151
0.40416666666666673
0.5953125
0.41500000000000004
0.12416666666666669
0.33133333333333337
0.22916666666666663
-0.18988095238095237
0.7055555555555556
0.05900974025974026
0.20479166666666662
0.04722222222222222
0.06333333333333332
0.11354166666666667
0.37416666666666665
0.11913919413919415
0.14166666666666664
-0.10625000000000001
0.29015151515151516
-0.054166666666666655
0.32083333333333336
0.0
-0.011313131313131318
0.421781994047619
0.3288095238095238
-0.02604687499999998
0.0
0.3638888888888889
0.1875158043015186
0.65
0.24101966873706004
0.09375000000000006
0.2440909090909091
0.16515151515151516
0.18113095238095236
0.14291374166374166
0.3057933931148217
0.29006410256410253
0.1518154761904762
0.21824085005903185
0.2586538461538462
-0.04791666666666666
-0.48749999999999993
0.35000000000000003
0.2588474025974026
0.4375
0.75
0.22500000000000003
0.19687500000000002
0.495
0.36875
0.38972222222222225
0.2758556547619047
0.040714285714285724
0.20243055555555553
0.585
0.21202651515151513
0.515625
0.45000000000000007
0.44791666666666674
0.4515740740740741
0.09068452380952383
0.475
0.40378787878787875
0.2816050903119868
0.13910256410256408
0.4681818181818182
0.19473684210526318
0.31458333333333327
0.2553769841269841
0.057272727272727274
0.07871448863636363
0.22833333333333333
0.375
0.07402701465201468
0.13333333333333336
0.2863852813852814
0.10398550724637681
0.19474999999999998
0.17276785714285714
0.306875
0.42224880382775115
-0.057196969696969684
0.21190476190476196
0.13650793650793652
0.384375
0.10025252525252526
0.2375
0.21836124401913873
0.4875
0.10952380952380951
0.4513020833333333
0.26587301587301587
0.21562049062049057
-0.05218750000000001
0.21604278074866312
0.1322916666666667
0.09666666666666666
0.30838383838383837
1.0
0.20249999999999999
0.3796296296296296
0.3302731092436975
0.27499999999999997
0.013176112436316514
0.3714285714285714
-0.85
-0.05757575757575757
0.2555555555555556
0.39333333333333337
0.55
0.0783008658008658
0.009090909090909087
-0.11333333333333333
0.08445945945945944
0.09121527777777778
0.5399074074074074
0.12454516045548657
0.0
0.2625
0.2627846790890269
0.3333333333333333
-0.09999999999999999
0.3993055555555556
0.23476702508960573
0.007142857142857149
0.32662337662337665
0.2519021739130434
0.3821759259259259
0.11821789321789324
0.02064240790655885
0.10634877873563219
0.2702164502164502
0.2048611111111111
0.3275925925925926
0.13374999999999998
0.05833333333333331
0.425
-0.014848484848484849
-0.0977777777777778
-0.005519480519480515
-0.07685185185185185
0.3993055555555556
0.46666666666666673
-0.20833333333333334
0.3633333333333334
0.13935185185185192
0.13571428571428573
0.19999999999999998
-0.19642857142857142
0.07667887667887667
0.35
0.4583333333333333
0.45
0.18981481481481483
0.0759259259259259
0.19310042388167387
0.25
0.54
0.103125
0.22414965986394558
0.02727272727272728
0.26382783882783883
-0.02499999999999997
-0.001333333333333342
0.09814814814814819
0.3653361344537815
0.03531746031746032
0.06937499999999999
-0.0909090909090909
0.55
0.17243055555555556
0.11247165532879819
0.23627450980392156
0.3246753246753246
0.30981165319055937
0.11388888888888886
-0.10530303030303029
0.2375
0.2386904761904762
0.30048611111111106
0.39886363636363636
0.3
-0.17583333333333334
0.14464285714285716
0.23229166666666667
0.2918181818181818
0.1754120879120879
-0.7333333333333334
0.22473958333333335
-0.0625
0.15720238095238095
0.3979166666666667
0.10615214646464648
0.042857142857142864
0.26666666666666666
0.004914529914529914
-0.12954545454545455
-0.006171874999999993
0.06470588235294121
0.2783333333333333
0.08558531746031746
0.3169871794871795
0.5
0.048611111111111126
0.20127274487030586
0.23703703703703705
0.03409090909090909
0.2837121212121212
0.22772727272727272
0.21250000000000002
0.2638888888888889
0.12569936376754556
-0.10666666666666666
-0.1666666666666666
0.125
0.425
0.27037037037037037
0.21895104895104894
0.24179292929292925
0.2722222222222222
0.19245454545454546
0.05277380952380952
-0.125
0.20515873015873015
0.3178571428571429
0.15625
0.012090909090909081
0.24166666666666667
0.42333333333333334
-0.045312500000000006
0.2841789215686275
0.12431972789115645
0.2808779761904762
0.17142857142857143
0.1512987012987013
0.16841491841491843
-0.07210884353741497
0.6440476190476191
0.13317975427350429
-0.08263888888888889
0.22202380952380954
-0.02222222222222216
0.38620370370370366
0.3411764705882353
-0.3277777777777778
0.1659090909090909
0.75
0.31916666666666665
0.0
0.16666666666666666
0.30666666666666664
0.26535594035594035
0.2571428571428571
0.13281250000000006
0.25
0.10064102564102564
0.3220508658008658
0.1735
0.0
0.11957070707070705
0.375
0.40476190476190477
-0.04523809523809524
0.2624579124579125
0.07077300785634119
0.12011054421768708
-0.07499999999999998
0.4883333333333333
-0.016571969696969693
0.275
-0.1346111111111111
-0.05909090909090908
0.11647135416666665
0.6
0.5
0.01958333333333333
0.4529761904761905
0.28535714285714286
0.034071180555555566
-0.01838888888888889
0.04605978260869566
0.18379629629629626
0.275
-0.32361111111111107
0.16357954545454545
-0.005322966507177037
0.07824675324675323
0.2916666666666667
0.22777777777777775
0.44006410256410255
0.32
0.1674479166666667
-0.45
0.004450683593750002
0.21718749999999998
0.18333333333333335
0.017361111111111105
0.19007936507936507
0.1678030303030303
0.2380952380952381
0.10497549019607844
0.08714285714285715
0.23884615384615385
0.5136363636363637
0.3000564236111111
0.21203703703703702
0.3
0.019047619047619046
0.30205882352941177
0.2848639455782313
0.2267857142857143
0.5083333333333334
0.7059523809523809
0.35555555555555557
0.25666666666666665
0.18724177170868347
0.36625
0.36666666666666664
0.30446428571428574
0.1722222222222222
-0.09868197278911565
-0.11032196969696971
0.02494949494949495
0.5599999999999999
0.403125
0.045833333333333344
-0.09236263736263736
0.2312830687830688
0.48104166666666665
0.49000000000000005
0.12680397727272727
0.06033549783549784
0.525
0.39999999999999997
0.03333333333333332
0.1949074074074074
0.44000000000000006
0.10833333333333334
0.6499999999999999
0.366885521885522
0.38749999999999996
0.42716666666666664
0.4196241258741258
0.49583333333333335
0.5
0.016666666666666635
0.17583333333333334
-0.09027777777777776
0.09255291005291004
0.084375
0.08409090909090909
0.05342391304347826
0.75
-0.4216666666666667
0.016666666666666663
0.3932142857142857
-0.85
0.33896103896103896
0.10087412587412592
0.034583333333333334
0.01694214876033057
0.6972222222222223
-0.1
0.3322222222222222
0.31875
0.2493431855500821
0.044531249999999994
-0.032499999999999994
0.34500000000000003
-0.55
-0.15892857142857145
0.2212760416666667
0.05482456140350876
-0.28809523809523807
-0.04818775995246584
-0.19999999999999998
0.14583333333333331
-0.03929597701149426
0.065
-0.015277777777777779
0.10815476190476192
0.251114081996435
0.5
-0.12569444444444447
0.2809523809523809
-0.018253968253968245
-0.0026315789473684175
-0.21174999999999997
-0.0638235294117647
-0.3666666666666667
0.5
0.1205026455026455
0.0417245545152522
0.275
0.4339814814814815
0.6599999999999999
0.275
0.145734126984127
0.27041666666666664
0.15694444444444444
-0.023210123210123203
0.14656696838515018
0.21972222222222224
0.3103670634920635
-0.04062500000000002
-0.1128888888888889
1.0
0.42874999999999996
0.8
0.025925925925925946
0.6833333333333332
0.3625
0.1215151515151515
0.43802083333333336
0.1912280701754386
0.3944444444444444
0.12628837719298244
0.3301282051282052
0.19510440539852303
-0.15
0.43333333333333335
0.11999999999999997
0.023333333333333334
0.5777777777777778
0.17770747514204546
0.44000000000000006
-0.18333333333333335
0.01751443001443001
0.010275689223057643
-0.060000000000000005
0.18761574074074078
0.10208333333333333
0.82
-0.11795634920634922
0.325
0.10937499999999999
0.65
0.09063251563251562
0.5466666666666666
0.11874999999999998
0.11646989374262101
-0.0625
0.021969696969696962
0.8544444444444445
0.125
0.534375
0.1656400966183575
0.1175925925925926
0.25396825396825395
0.75
0.32729166666666676
0.21079506802721087
-0.16045454545454543
0.04599395313681027
0.27394444444444443
0.34166666666666673
0.26833333333333337
0.20662878787878788
-0.17727272727272728
0.06927777777777781
0.15416666666666665
0.3457142857142857
0.139484126984127
0.29761904761904756
0.28541666666666665
0.20381109775641024
-0.022222222222222223
0.05248015873015872
0.3302083333333334
0.3182142857142857
0.18011363636363634
0.26009552042160733
0.07777777777777778
0.23041666666666666
0.5590909090909091
0.18727272727272726
0.22346491228070176
0.28833333333333333
0.4995614035087719
0.024768518518518506
-0.025378787878787872
0.21928571428571428
0.11254545454545456
0.9
0.22986607142857146
0.35000000000000003
0.29876543209876544
0.23064285714285715
0.19456521739130436
0.7909722222222223
0.12631578947368421
0.7166666666666667
0.10117521367521368
-0.2833333333333333
0.18630952380952384
-0.12831632653061223
-0.27708333333333335
0.4836734693877551
0.3
0.23000000000000004
0.3015625
0.13005952380952382
0.35
0.32011904761904764
0.045
0.2708333333333333
-0.14249999999999996
0.2666666666666667
0.28250000000000003
0.2003030303030303
0.521267361111111
0.24097985347985346
0.2692307692307693
0.18981481481481483
0.3010216346153846
0.16249999999999998
0.22499999999999998
0.3113304093567251
0.6699999999999999
0.2291666666666667
0.24166666666666667
0.0
0.16933823529411762
0.3314867424242424
0.2537037037037037
0.0
0.2718831168831169
0.12971271153089337
0.20332857142857144
0.5399999999999999
0.4111607142857143
0.19343749999999998
-0.13973214285714286
0.5349999999999999
0.47000000000000003
0.33417366946778715
0.2683333333333334
0.36874999999999997
0.15227272727272728
-0.30000000000000004
0.08833333333333335
0.425
0.17329545454545456
0.4249206349206349
0.6666666666666666
0.4086309523809524
0.24166666666666667
0.25632478632478634
0.07639322916666672
0.22091307814992026
0.35052083333333334
0.8333333333333334
0.14875
0.3678571428571429
-0.5333333333333333
0.3932870370370371
0.1360524891774892
0.1817901234567901
0.14874093191964288
0.027645502645502657
0.35674603174603176
-0.1025
0.43
0.3295454545454546
0.3666666666666667
0.71875
0.40606060606060607
0.17733333333333334
0.5499999999999999
0.2075441919191919
0.41462962962962957
0.42000000000000004
0.27708333333333335
0.2671296296296296
0.3125
0.05913825757575758
0.1802083333333334
0.06458333333333333
0.3136988936988937
0.21407407407407408
0.315
-0.275
0.27414965986394557
0.2420940170940171
0.14659340659340658
0.029876893939393936
0.27870370370370373
0.20524987974987982
0.31166666666666665
0.18722222222222223
0.12333333333333334
0.1798611111111111
-0.35625
0.2003565062388592
-0.03975624298540965
0.34375
0.024592074592074593
0.13884920634920633
0.03797123015873017
0.7000000000000001
0.2982142857142857
0.12819444444444444
0.5125
0.366
0.05013227513227514
0.3692708333333333
-0.10454545454545454
0.35642857142857143
0.26510964912280705
0.026041666666666668
0.18507653061224488
0.2787878787878788
0.7333333333333334
0.3913547237076649
0.75
0.025000000000000012
0.2668154761904762
0.3110119047619047
0.3300925925925926
0.2611111111111111
-0.07083333333333333
0.27656250000000004
0.218859649122807
0.36973958333333334
0.3964285714285714
-0.41666666666666663
0.2375
0.07878787878787885
0.24209183673469387
0.55
0.3833333333333333
0.18493343573988735
0.14345238095238097
0.13988095238095238
0.27777777777777773
0.40750000000000003
0.09227272727272726
0.4497023809523809
0.2041666666666667
-0.01885964912280701
0.3431372549019608
0.7083333333333333
0.0842436974789916
0.2611111111111111
0.58
0.16818181818181818
0.19628851540616246
-0.1033608815426997
0.2859375
-0.14805194805194807
-0.04816666666666668
0.08754162504162502
-0.13578431372549019
0.19444444444444442
-0.09999999999999998
0.35000000000000003
0.16153846153846155
0.14583333333333331
0.009374999999999998
0.3278846153846154
0.0774122807017544
0.17261904761904762
-0.009659090909090909
-0.053030303030303025
0.13888888888888887
0.275
0.1765873015873016
0.36041666666666666
0.2090909090909091
0.3547619047619048
0.35568627450980395
0.09368131868131871
-0.003733766233766232
0.23478422619047618
-0.20833333333333331
0.16969696969696973
-0.32353515625
0.2916666666666667
0.08611111111111118
-0.346875
-0.12268518518518517
0.020684523809523816
0.07299107142857143
0.1036904761904762
0.3462222222222222
0.1816666666666667
-0.07272727272727274
0.15
0.2671494708994709
0.4
0.2676666666666666
0.21679894179894177
0.16607744107744107
0.38476562499999994
0.29166666666666674
0.22731481481481483
0.053703703703703726
0.2505952380952381
0.3477272727272727
0.14594155844155846
0.04523809523809524
0.06666666666666667
0.6000000000000001
0.25555555555555565
0.19
0.5891666666666667
-0.003703703703703703
0.13333333333333333
-0.1562962962962963
0.3513888888888889
0.27499999999999997
0.3030797101449275
0.3004840067340067
-0.09226190476190475
0.32803030303030306
-0.04251851851851852
0.33999999999999997
0.5
-0.36874999999999997
0.03702380952380953
0.474512987012987
0.315
0.44749999999999995
0.5
0.01987179487179486
0.1271267361111111
0.3048319327731092
0.78125
0.28981481481481475
0.4035714285714286
-0.05
0.27414772727272724
0.37
-0.10902777777777777
0.19310476190476186
0.2713333333333333
0.3499999999999999
1.0
0.024242424242424246
0.14382575757575758
0.13636363636363635
0.65
0.45
0.15357142857142853
0.09226190476190475
0.22142857142857145
0.17500000000000002
0.23214285714285712
0.5
0.25
0.11292517006802719
0.15631377551020406
0.6764204545454545
0.3875
0.3556122448979592
-0.525
0.3361111111111111
0.07748809523809522
0.3127976190476191
0.2920952380952381
0.24305555555555558
-0.025850340136054424
0.31333333333333335
0.21904761904761902
-0.042222222222222223
0.9375
0.044007936507936524
-0.14999999999999997
0.2893939393939394
0.24624873737373734
0.12289562289562289
0.13820847362514024
0.24954212454212454
0.27261904761904765
0.15919596354166665
0.39166666666666666
-0.03672839506172839
0.11999999999999998
0.0
0.475
0.58375
0.12363636363636363
0.5
0.27243457300275475
0.1875
0.3055555555555556
0.7143750000000001
0.17755555555555558
0.09296296296296296
0.37985714285714295
0.665
-0.08125000000000002
0.32333333333333336
0.42236111111111113
0.25
0.0693877551020408
0.4275
0.409375
0.08601190476190475
0.7421875
0.3958333333333333
0.40314814814814814
0.35185185185185186
0.09375000000000001
0.017234848484848485
0.2761363636363637
0.06215461493239273
0.009999999999999986
0.13442714692714688
-0.21984126984126984
0.26666666666666666
0.340625
0.19999999999999998
0.5444444444444444
0.3756313131313132
0.0
0.5333333333333333
0.20654040404040405
0.2647727272727273
0.36944444444444446
0.16517857142857142
0.1333333333333333
0.11346801346801344
0.20869565217391303
0.3
-0.0023809523809523803
0.3264285714285714
-0.09090909090909091
0.17083333333333334
0.16632775119617224
-0.026388888888888913
0.1806172839506173
0.14609375
-0.11666666666666665
0.35694444444444445
0.25470238095238096
-0.41999999999999993
0.25833333333333336
0.10403225806451616
0.21726190476190477
0.75
0.3661458333333334
-0.09583333333333333
0.2202777777777777
0.3305555555555556
0.44802489177489174
0.06657608695652174
0.47500000000000003
0.6559166666666667
0.24705882352941178
0.19999999999999998
0.39925925925925926
0.20285714285714285
0.2362121212121212
0.426199494949495
0.00467032967032968
-0.04583333333333334
0.10882138694638697
0.30148148148148146
-0.12121212121212123
0.15416666666666667
0.23893678160919535
-0.11666666666666665
0.13227272727272726
0.2541666666666667
0.24924242424242424
0.30999999999999994
0.5421875
-0.5
0.48853535353535354
0.09728641456582635
0.3098214285714286
0.32750000000000007
0.22756410256410253
0.17159090909090913
0.1125
0.3958333333333333
0.2669616977225673
0.43200000000000005
0.16296524356869185
0.2446248196248196
0.13693877551020406
0.13125
-0.16666666666666666
0.13333333333333333
0.4976190476190476
0.22006944444444443
-0.0002923976608187183
-0.04999999999999998
0.28625
0.16666666666666663
0.0
0.2375
-0.08333333333333336
0.13800505050505052
-0.09411764705882353
0.2566425120772947
-0.028571428571428564
0.17494256474519632
0.44672619047619044
0.26
0.25
0.4863888888888889
0.6458333333333333
-0.05
0.017708333333333336
0.15633608815426994
-0.2
0.5833333333333334
0.11006944444444444
-0.03059523809523808
-0.10666666666666666
-0.02159090909090909
0.17314814814814816
0.005723905723905724
0.06856060606060606
0.9
0.57
0.0
0.3859451659451659
0.19617454545454546
0.40235119047619045
0.37333333333333335
-0.25
0.04444444444444446
0.41874999999999996
-0.049999999999999996
0.014916472416472407
0.10713712177579367
0.29410714285714284
0.2446248196248196
0.17947530864197528
-0.20416666666666666
0.061160714285714284
0.06458333333333333
0.07727272727272727
0.5349206349206349
0.14402507215007215
0.14116161616161615
0.55
-0.2071428571428571
0.35833333333333334
0.31669312169312164
0.10358974358974357
1.0
0.008928571428571421
0.26112836438923404
0.22677248677248676
0.14957386363636366
-0.17500000000000002
0.032575757575757584
0.625
0.2476190476190476
0.47083333333333327
0.1875
0.25138888888888894
-0.061244019138755976
0.16205357142857138
0.20833333333333331
-0.025
-0.11112244897959182
-0.08576923076923079
0.11274170274170273
0.10805555555555556
0.16142857142857142
0.06628787878787878
-0.08429705215419502
0.08333333333333334
0.5410714285714285
0.2360805860805861
0.1087579365079365
-0.03333333333333333
0.325
0.42638888888888893
0.1761904761904762
-0.019027777777777772
0.1625
0.025000000000000022
0.2794397759103641
0.675
0.0634126984126984
0.30833333333333335
0.4183333333333333
0.25952380952380955
0.19999999999999998
0.14412698412698413
0.1962962962962963
0.2899999999999999
0.37870370370370376
0.37129629629629635
0.625
0.3946969696969697
0.6854166666666667
0.3039743589743589
0.26875
0.2027972027972028
0.24166666666666667
0.32354166666666667
0.4274285714285715
0.6142857142857144
0.4
0.11
-0.1220703125
0.4014204545454545
0.42500000000000004
0.24231366459627326
0.32353515625
0.15945261437908498
0.053072196620583725
0.6166666666666666
-0.2508730158730158
0.19710648148148144
0.42727272727272725
0.2916666666666667
0.32678571428571435
0.3836805555555555
0.25416666666666665
-0.04074074074074073
0.17333333333333337
-0.03718584656084658
0.37976190476190474
0.00045454545454544083
0.21423076923076925
0.3663510101010101
0.24000000000000005
0.11666666666666665
0.11233821733821733
0.78125
0.28191820276497703
0.2782828282828283
0.08904761904761904
0.015000000000000003
0.49033333333333334
0.22470238095238093
0.29359195402298843
0.29215686274509806
0.325
0.2192221320346321
0.09169973544973542
0.21898148148148147
0.5
0.33541666666666664
0.6
0.5714285714285714
0.20444444444444446
0.3470535714285714
0.3125
0.16641414141414143
0.8
0.2416666666666667
-0.021527777777777785
0.24843750000000003
0.24814814814814815
0.275
0.6104166666666666
0.20757575757575752
0.31416666666666665
0.24230048500881837
0.4036458333333333
0.20999999999999996
0.3092045454545455
0.39625
0.09409722222222221
0.2841880341880342
0.475
0.23593750000000002
0.35714285714285715
0.21595238095238095
0.3211538461538461
0.2692307692307692
0.02196969696969696
0.1657936507936508
0.875
0.5966666666666667
0.26090534979423863
0.13038047973531847
0.20944444444444443
0.5625
0.35563725490196085
0.6333333333333333
0.34765037593984965
0.2986111111111111
0.4375
0.26233766233766237
0.09138528138528139
0.1478650137741047
0.24791666666666667
0.19541666666666668
0.07380952380952384
0.403125
0.20550820707070705
0.3333333333333333
0.13541666666666666
-0.08104166666666668
0.2719599844599844
0.07096015963203461
0.1514285714285714
-0.042857142857142864
-0.65
0.21017691798941796
0.3237179487179488
0.2172619047619048
0.11562499999999999
0.1400000000000001
-0.017968750000000002
0.46875
0.31
0.017234848484848485
0.22984126984126985
0.45
0.3056818181818182
-0.04999999999999999
0.027895021645021657
0.4515625
0.3166666666666667
0.40401785714285715
0.303125
0.4635416666666667
0.1375
0.375
0.048163580246913563
0.2944110275689223
0.5514876033057852
0.2202928297755884
0.1073245614035088
0.22142857142857145
-0.11875
0.11008522727272729
0.08990853917324505
0.06218434343434343
0.16964285714285718
0.37604166666666666
0.75
0.15279720279720277
0.211979797979798
0.3611111111111111
0.09999999999999999
0.2333333333333333
0.6625
0.034999999999999996
0.36230158730158724
-0.32485714285714284
-0.013888888888888885
0.16270833333333332
0.5395616319444444
0.320995670995671
0.2154936974789916
-0.1
0.13730158730158729
0.0
0.23761904761904767
0.06916666666666667
0.18666666666666665
-0.075
0.3180555555555555
0.11478174603174605
0.3336734693877551
0.31875
0.6125
0.06797791580400277
0.2189951462678735
0.09999999999999999
0.48333333333333334
0.10115596963423049
0.37114795918367344
0.030833333333333334
0.3333333333333333
0.2825721153846154
0.11666666666666668
0.16602267573696147
0.35
0.2682291666666667
0.2729166666666667
0.05999999999999999
0.05703125000000002
0.4202222222222223
-0.15625
-0.075
0.4333333333333334
0.029999999999999992
-0.19
0.3138888888888889
0.3875
0.12102240896358542
0.17543402777777778
0.41944444444444445
0.6014069264069263
0.10714285714285714
0.2087037037037037
0.16195499296765115
0.15566666666666668
0.22994921744921745
0.035267857142857136
0.5383333333333333
0.43154761904761907
0.25032467532467534
0.0340139678030303
0.02666666666666666
0.2794191919191919
0.23728070175438595
0.125
0.1297916666666667
0.37755102040816324
0.10440476190476192
0.13506493506493508
0.20370370370370375
0.1139194139194139
0.0732142857142857
0.28125
0.03071428571428573
0.5171875
0.55
0.02991071428571428
0.09642857142857142
0.4022569444444444
0.0
0.07419394841269841
0.19282738095238097
0.20833333333333334
0.2222222222222222
0.3132832080200501
0.07267342032967032
-0.09076704545454546
0.11503111471861474
-0.20625000000000002
0.3492429792429792
0.08362244897959184
-0.05
0.1612152777777778
0.03071428571428573
0.28579999999999994
0.33111111111111113
0.22202380952380954
-0.07658730158730159
0.4514880952380953
0.275
0.2
0.4
0.23700251361541688
0.31666666666666665
0.09357142857142857
0.1076190476190476
0.09027777777777778
0.5916666666666667
0.04999999999999999
0.34409496753246754
0.03872048006194347
0.5583333333333333
0.16689814814814818
0.2604166666666667
0.06358585858585858
0.022222222222222216
0.26622474747474745
0.08803418803418803
-1.0
-0.039118457300275467
0.10113378684807259
0.10162337662337662
-0.08301282051282052
-0.09901960784313725
0.040170940170940174
0.12433742183742186
0.29843749999999997
0.5208333333333334
0.2955555555555556
0.06347222222222221
0.12202380952380952
0.35773809523809524
0.23802083333333335
0.12916666666666665
0.4745238095238095
0.752734375
0.15681818181818186
0.020854591836734698
0.06544642857142857
0.37511160714285713
0.25416666666666665
0.1773734796949083
0.2714285714285714
0.266
0.053888888888888875
0.30125
-0.2333333333333333
-0.07499999999999998
0.18472222222222223
