0.5857142857142856
0.47500000000000003
0.15454545454545457
0.4872023809523809
0.14
0.1318474713117571
-0.24375
0.17361111111111113
0.2763227513227513
-0.018464052287581693
0.27757575757575753
0.4791666666666667
0.24583333333333335
0.17771915584415585
0.5333333333333333
-0.0062500000000000056
0.6017857142857143
0.2743055555555556
0.15777777777777782
0.22404761904761902
0.04694444444444444
0.07956060606060611
0.32603305785123965
0.4967329545454545
0.32939814814814816
0.515
0.38375
-0.10000000000000002
0.250750425170068
0.3207936507936508
0.3545266897081413
0.20241935483870968
0.3289696969696969
0.17777777777777778
0.360625
0.0032051282051282024
0.3119318181818182
0.246140350877193
0.23372549019607844
0.2816666666666666
0.24029411764705888
0.43125
0.4100352483164984
0.34386363636363637
0.4017857142857143
0.37121212121212127
0.2780050505050505
0.4416666666666667
0.3202380952380952
0.34880952380952385
0.17026515151515154
0.30833333333333335
0.12666666666666665
0.4190034412202381
0.19544495980210272
0.27975829725829726
0.6666666666666667
0.31151094276094277
0.23562500000000003
0.325
0.0050925925925925835
0.1875
0.5
0.34595170454545454
0.25764109347442676
0.4604166666666667
0.65
0.15
0.53
0.40476190476190477
0.4592307692307692
0.23246315973588708
0.2507913165266107
0.151025641025641
0.3015223665223665
0.3619175627240143
0.18222222222222223
0.16166666666666665
0.12583705357142858
0.2135714285714286
-0.0433333333333333
0.27024999999999993
