0.2028125
-0.022777777777777786
0.2
0.23200757575757575
0.15476190476190474
0.5700000000000001
-0.017857142857142856
0.21877869605142333
-0.03500000000000001
0.20510161135161134
0.012500000000000022
0.2403061224489796
0.4097222222222222
-0.08611111111111112
0.4122807017543859
-0.09007635882635882
-0.36
0.11796070309001341
0.1722222222222222
0.015470779220779224
0.4520621251578283
0.29062499999999997
0.23137254901960788
0.5073214285714286
0.03815426997245178
0.13294237012987012
0.31062500000000004
0.13947285353535355
-0.041780303030303015
0.3157359307359308
0.20227272727272724
0.19999999999999998
0.3397077922077922
0.12696078431372548
0.44259259259259265
-0.2325
0.38645833333333335
-0.20260416666666667
0.2657142857142857
0.34619565217391307
0.39166666666666666
0.42000000000000004
0.37885178313749746
0.025000000000000012
0.3601084183673469
-0.04930555555555554
0.5433333333333333
0.04279908154908155
0.00077030812324931
0.307554945054945
0.8
0.3657407407407407
0.21633522727272725
0.3573863636363636
0.04757936507936509
-0.059375000000000004
0.3237012987012987
0.3333116883116883
0.29444444444444445
-0.13854166666666665
0.595
-0.08452380952380951
0.1715029761904762
0.2463392857142857
0.21123015873015874
-0.016875
-0.40982142857142856
0.23916666666666667
0.08333333333333333
0.02089133089133089
0.042
0.15605268959435628
0.42549450549450546
0.22242063492063494
0.3084586466165414
0.20398310839487313
0.01485247208931419
-0.09494047619047619
-0.31
0.18095238095238095
0.29015731292517005
0.27327380952380953
0.4456439393939394
-0.028030303030303034
0.2146969696969697
0.15000000000000002
0.17217948717948717
-0.07863247863247864
-0.027777777777777776
-0.6444444444444444
-0.026647426647426656
0.40267857142857144
0.05016641065028162
-0.07291666666666664
0.3
0.4974431818181818
0.2997713529856387
0.40166666666666667
0.16655844155844157
0.3389423076923077
0.10162337662337662
0.76
0.5471428571428572
0.3944055944055945
-0.29375
0.02639173998044965
0.24385964912280703
0.45499999999999996
0.2340909090909091
0.11333333333333333
0.4600000000000001
-0.6499999999999999
0.27169237012987013
0.0981904761904762
0.19275793650793652
0.20995670995670995
0.13555555555555554
0.19142857142857145
-0.07891414141414142
0.2243438852813853
0.3958333333333333
0.4845238095238095
-0.02857142857142858
0.0
-0.07045454545454546
0.3714285714285714
0.18981146694214876
0.07037037037037036
0.18642857142857144
-0.20833333333333331
0.6681250000000001
0.05138888888888889
-0.2534391534391534
0.21453149920255185
0.1392857142857143
0.2938095238095238
0.19843750000000002
0.07224025974025974
0.17363636363636362
0.43333333333333335
0.50875
0.3308453856749311
0.2110766045548654
0.0015625000000000014
0.10892857142857142
0.28780303030303034
-0.07597808441558442
0.275
0.24166666666666664
0.025019425019425025
0.28750000000000003
0.41250000000000003
0.34166666666666673
-0.33333333333333326
0.16805555555555554
0.45166666666666666
0.48666666666666664
0.3443253968253968
0.3734848484848485
0.7
0.17996732026143794
-0.04203703703703703
0.3375
-0.22999999999999998
-0.19642857142857142
0.09360544217687072
0.47788333333333327
0.36893939393939396
-0.13489583333333333
0.16117424242424241
0.37625
-0.7
0.37878787878787873
0.2947310405643739
0.08653198653198653
0.275
0.5016927083333333
0.17197397186147184
-0.19374999999999998
0.2653061224489796
0.21900000000000003
0.0
0.08482142857142858
0.46796875
0.27142857142857146
0.34920634920634924
0.17142857142857143
-0.06147321428571429
-0.02777777777777779
0.21875
0.19967821067821062
0.34211309523809524
0.15861111111111112
0.021478114478114485
0.5477777777777778
0.02
0.042777777777777796
0.2488095238095238
0.19353741496598634
0.06329710144927535
0.6833333333333333
0.225
0.455
0.375
1.0
0.5251953125
0.24388888888888888
0.1025
0.25483630952380953
0.09924812030075189
0.305
0.3380952380952381
0.308068368413196
0.18866921768707481
0.2708333333333333
0.25982142857142854
0.368051948051948
0.21410256410256412
0.19750000000000004
0.17588012477718362
0.528125
0.47590909090909084
0.14907852564102564
0.2112599206349207
-0.2466666666666667
0.1
0.3826754385964912
0.21666666666666667
-0.12812500000000002
0.3891414141414142
0.17142857142857143
0.32954545454545453
0.4666666666666667
-0.12446581196581198
0.53125
0.2392857142857143
0.01055487305487307
0.3826822916666667
0.5000000000000001
0.10950263504611336
0.18621031746031744
0.3958333333333333
0.02643719806763285
0.07828125
0.24275362318840574
0.6083333333333334
0.26470627325890483
0.08061507936507939
0.07500000000000001
0.095
0.15
0.35
0.39166666666666666
-0.1380952380952381
0.175
0.12785714285714286
0.2144444444444445
0.18854166666666666
0.2565543831168831
0.2832251082251082
0.10384615384615385
0.125
0.16661522633744857
0.13749999999999998
0.09332611832611833
0.13839285714285718
0.51
0.15198863636363635
-0.14285714285714282
0.3098809523809524
0.05
0.13541666666666666
0.1934121621621622
0.425
0.23425925925925928
0.1366666666666667
0.6625000000000001
0.25
0.15330578512396695
0.17078863165819683
0.4964285714285714
0.043968253968253955
0.21121212121212118
-0.02
-0.07727272727272726
-0.07424242424242423
0.19999999999999998
0.43690476190476196
-0.1225
0.21051587301587302
-0.09444444444444444
0.2513888888888889
0.39166666666666666
0.08172348484848486
0.48333333333333334
0.7876464843750001
0.181017316017316
0.11333333333333333
0.09946969696969696
0.0775
0.0
0.070254329004329
0.19166666666666668
0.012499999999999997
0.1486525974025974
0.2087121212121212
0.11838235294117648
0.0
0.06118533513270355
0.15330403645833335
0.011904761904761894
0.5199999999999999
0.06225799663299663
0.75
0.27082417582417584
-0.020555555555555556
0.19762385762385762
0.47583333333333333
0.04666666666666666
0.10000000000000002
0.29000000000000004
0.6000000000000001
0.08125
0.3411345598845598
0.36164772727272726
-0.15
-0.06177721088435374
0.32071428571428573
0.22499999999999998
0.06493055555555555
0.13888888888888892
0.30251322751322746
0.4361111111111111
-0.2625
0.3140692640692641
-0.0010135135135135038
0.20909090909090908
0.14898989898989903
0.15780423280423284
0.49531250000000004
-0.012222222222222226
0.038446969696969695
0.061666666666666675
0.32718749999999996
0.5771428571428572
-0.06177721088435374
-0.05605429292929294
0.10282787878787879
0.37784090909090906
0.5700000000000001
-0.031249999999999997
0.09393939393939395
-0.15
0.16875
0.4777597402597403
0.319375
0.09
0.01860119047619048
-0.08584267040149395
0.5833333333333334
-0.275
0.25
0.09374999999999999
0.2125
0.23925000000000002
0.3144007034632035
0.21000000000000002
0.19540043290043294
-0.22916666666666666
0.4083333333333334
0.4305555555555556
-0.05092592592592592
0.006410256410256396
0.445
-0.165
-0.02158289241622575
-0.09333333333333332
-0.28125
0.042481203007518786
0.23194444444444443
0.1645833333333334
-0.3458333333333333
-0.03614718614718615
0.19983766233766234
0.275
0.08598484848484848
0.09909090909090909
0.18342171717171718
0.18727272727272729
0.2985479797979798
0.1825757575757576
0.06369047619047619
0.14453125
0.15158730158730158
0.2150793650793651
0.2121212121212121
0.3
0.3533333333333333
0.13655303030303031
0.4375
0.19999999999999998
0.33
-0.325
0.31170454545454546
0.4561011904761905
0.45
0.44329004329004323
0.13593750000000002
0.19761904761904758
-0.001360544217687078
0.14988636363636362
0.16927083333333334
0.2202380952380953
0.40069444444444446
0.23344155844155842
-0.37499999999999994
0.35833333333333334
0.575
0.2999500499500499
0.14821428571428572
-0.0032051282051282024
0.205
0.2871428571428571
0.18402777777777776
0.3119166666666667
0.15607993197278916
-0.12527777777777777
0.20924242424242426
0.05519480519480519
0.13999999999999999
0.4963636363636365
0.10482456140350878
0.15626750700280112
0.38958333333333334
0.55
0.2251984126984127
0.4493371212121212
0.1929112554112554
0.04924242424242425
0.41225000000000006
0.3470238095238095
0.43333333333333335
0.44375000000000003
-0.06553030303030304
0.24000000000000005
0.14366319444444445
0.3252777777777778
0.3754218319559228
0.112890625
0.07296650717703348
0.2583094231350046
0.009358974358974363
0.08547619047619048
0.21419753086419752
-0.45
0.4
0.10820707070707072
0.24702380952380953
0.40865384615384615
0.27499999999999997
0.3360037878787879
0.32833333333333337
0.2653247549019608
0.48250000000000004
0.32916666666666666
0.2531818181818182
0.2333333333333333
0.0905726911976912
0.4291666666666667
0.22448717948717953
-0.03353174603174604
0.03232535982535985
0.004212454212454208
0.376171875
0.3821428571428571
0.08333333333333333
0.3967694034360701
0.06022727272727273
0.09717261904761905
0.4242388167388167
0.2454166666666667
0.3013888888888889
0.29314285714285715
0.34685606060606056
0.1150130236994644
0.2644699546485261
0.17432659932659933
0.18564814814814815
-0.019901824366110096
-0.22999999999999998
0.20600168350168355
0.07362012987012988
-0.030000000000000006
0.005606060606060623
0.2691176470588236
0.007575757575757569
0.07457264957264957
0.4815476190476191
0.18217741935483872
0.019507575757575783
-0.03990384615384616
0.03727272727272727
0.08054865424430643
0.033928571428571426
0.14062500000000003
0.5
0.2465367965367965
0.19499999999999998
0.1580196360153257
0.05027777777777779
0.2614285714285714
0.17321428571428574
0.08831168831168831
0.15580357142857146
0.05105042016806723
0.625
0.3900735294117647
0.2031462585034014
0.31785714285714295
0.0884469696969697
0.3090039424860853
0.5516233766233766
0.09886363636363638
-0.02704081632653062
0.735
0.587
0.10833333333333334
-0.06438492063492064
0.2076923076923077
0.3248090277777778
0.21140350877192982
0.36904761904761907
-0.32500000000000007
0.2143939393939394
0.09788961038961039
0.15625
0.25
0.5000000000000001
0.14719887955182073
0.11066017316017318
0.20486111111111113
-0.5
-0.04999999999999999
0.1875
0.1909090909090909
-0.2190740740740741
0.04523809523809524
0.03133333333333339
0.0837662337662338
0.3224789915966386
0.38505859375
0.15833333333333333
0.28928571428571426
0.26927083333333335
0.08750000000000002
0.3065934065934066
0.11645454545454545
-0.05833333333333333
-0.025000000000000022
0.1814484126984127
0.20468749999999997
0.14423868312757201
0.34360795454545456
0.09658508158508158
0.05211640211640212
0.39227272727272733
0.22500000000000006
0.09166666666666666
0.24725378787878788
0.057587594696969696
0.225
0.3875
0.2525297619047619
0.08869047619047618
0.21288888888888896
0.31955266955266953
0.1912244897959184
0.0017006802721088428
-0.057102272727272724
0.22777777777777775
0.47000000000000003
0.13208333333333336
0.43083333333333335
0.3445436507936508
0.07148760330578513
0.08953571428571429
0.13230406746031742
0.30979166666666663
0.261525974025974
0.2944444444444444
0.0953273334852282
-0.020138888888888897
0.10147172786061676
0.12172619047619045
0.6
-0.008777777777777789
0.24541269841269842
0.2285714285714286
0.15388888888888885
-0.07428160919540229
0.32500000000000007
0.19903581267217632
0.13333333333333333
0.09826066790352504
0.23958333333333334
0.40166666666666667
-0.03809523809523809
0.6666666666666666
0.2601851851851852
0.3217948717948718
0.34394642857142854
0.4120454545454546
0.2921875
0.4320833333333333
0.06764705882352942
0.5258928571428572
0.18285256410256412
0.13697916666666668
0.3344641265597148
0.44090909090909086
1.1102230246251566e-17
0.1794871794871795
0.225
0.12009259259259258
0.1140530303030303
0.016666666666666677
0.14272108843537418
0.25833333333333336
-0.14464285714285713
0.05453296703296705
0.3052559523809523
0.075
0.19625850340136056
0.19351851851851853
0.0400595238095238
-0.025700886415172135
0.21710526315789475
0.18078463203463205
0.26899958228905596
0.0456060606060606
0.2838541666666667
0.29750000000000004
0.04270833333333335
0.15076530612244898
-0.04750000000000001
-0.07671522556390976
0.1417055167055167
0.1382142857142857
0.5241496598639456
0.09465840672737225
0.007561728395061734
0.6
0.12291666666666672
-0.11875000000000001
-0.12188552188552186
0.39909090909090916
0.08805142012459087
0.45499999999999996
0.4276190476190476
0.13732625360750358
0.31666666666666665
0.4509090909090909
0.1701048951048951
0.20638363486842107
0.5
0.10634920634920635
-0.14545454545454545
0.25666666666666665
-0.03304924242424241
0.2064102564102564
0.2742094017094017
0.26
0.08571428571428573
-0.06450892857142858
0.2555194805194805
0.21247717434081068
0.18111111111111108
-0.575
-0.3
0.303125
0.23072916666666668
0.26647727272727273
0.3547619047619048
0.14875
0.08178571428571428
0.25501443001443
0.04935229700854701
0.142650462962963
-0.18723214285714285
0.32416666666666666
0.2609375
-0.08749999999999991
0.07938596491228068
0.08553791887125221
0.05952380952380954
0.01134259259259259
0.09312499999999999
0.3
0.30391865079365077
-0.0975108225108225
0.35250000000000004
0.4166666666666667
0.3601239669421488
0.29438641069075855
0.4742857142857143
0.08342330005595311
0.42500000000000004
0.3
0.5416666666666666
0.13046875000000002
0.03661191553101504
0.09318181818181817
-0.053846153846153835
0.2104166666666667
0.32500000000000007
0.1057142857142857
0.30742424242424243
0.11219618055555555
0.2253787878787879
0.0011363636363636324
0.3327777777777778
0.1538888888888889
0.3571810542398778
0.061447811447811446
-0.006249999999999992
0.2766233766233766
0.026346801346801348
0.22968750000000002
0.5601851851851852
0.45
-0.10460317460317459
0.43146929824561403
0.07187500000000001
-0.23125
0.38257284382284384
0.3014285714285715
0.47222222222222215
0.23039772727272728
0.08286596119929454
0.055000000000000014
0.17376033057851237
-0.05714285714285716
0.3
0.04249999999999996
0.09281994047619045
0.05000000000000001
0.3662087912087912
0.27499999999999997
0.20238095238095236
0.0708333333333333
0.05
0.06666666666666667
0.39166666666666666
0.0
0.22386363636363635
0.06923076923076923
0.2267361111111111
-0.054039682539682526
0.4666666666666667
0.27530303030303027
-0.15
0.2520114942528736
0.31649305555555557
0.2146503496503496
-0.8125
-0.13145600744284955
0.03268849206349207
-0.16999999999999998
0.18026556776556776
0.021067821067821058
0.25593750000000004
-0.0038636363636363634
0.17375000000000002
0.4364285714285715
-0.12499999999999997
0.19750000000000004
0.0
0.12058823529411766
0.014981617647058828
0.35625
0.13090318772136952
0.08541666666666665
0.020454545454545454
0.16464646464646465
0.15723948670377247
-0.014814814814814807
0.14833333333333332
0.08263888888888891
-0.021428571428571432
0.035012894906511965
0.59296875
0.2633333333333333
0.07592592592592594
0.14500868055555557
0.17293294270833334
-0.07646520146520147
0.075
-0.15155677655677655
0.30185185185185187
0.10053030303030304
0.19814814814814813
0.18981829573934836
-0.013952020202020207
-0.4413333333333333
0.15909090909090912
0.11604010025062655
0.11655586477015048
-0.004403409090909083
0.25833333333333336
0.040000000000000015
-0.007189542483660136
0.76
0.13299328512396694
0.21238668194550547
0.15882440476190476
0.07272727272727274
-0.0711501377410468
0.13082722832722832
-0.13749999999999998
0.03924512987012985
0.2717261904761905
0.18749999999999997
0.10925285675285676
0.34984848484848485
0.3506944444444444
0.2363888888888889
0.42041666666666666
0.0007936507936508015
0.21428571428571427
-0.07646520146520147
0.09883608815426999
0.05831349206349205
0.2782738095238095
0.4522727272727273
0.5883333333333333
0.5854166666666667
0.5074494949494949
0.050378295946477775
0.2106060606060606
0.3465384615384616
-0.0728344671201814
0.36003289473684214
-0.3178333333333333
-0.16419871794871796
0.3923611111111111
0.03984375000000001
0.14547275641025642
0.21000000000000002
-0.07990196078431373
-0.09983805445761969
0.21507936507936504
0.46049382716049386
0.0765625
-0.07364226682408502
0.24031862745098037
0.23438888888888887
0.2969919786096257
0.59375
0.32499999999999996
0.09147126022126023
0.07913961038961038
-0.3125
0.4162337662337663
0.30000000000000004
0.75625
0.1852542162698413
0.2802882205513784
0.3818081918081918
0.16483537108537108
0.0027777777777777835
0.048938860212053556
0.020000000000000007
0.21913124754033844
-0.2316666666666667
0.27291666666666664
0.33709677419354844
0.21428571428571427
0.36314838435374147
0.26600000000000007
-0.30208333333333337
-0.03869047619047618
0.27037037037037037
0.09999999999999999
0.15
0.2953493265993266
0.20895445134575566
-0.08750000000000001
0.1887310606060606
0.02045454545454545
0.21941406249999998
0.6060606060606061
-0.13333333333333333
0.12640056022408963
0.29772727272727273
0.3409090909090909
-0.32708333333333334
0.1316145833333333
0.0821092017738359
0.26807133838383834
0.09390782828282827
0.13346666666666662
0.4718614718614718
0.01101190476190475
0.5729166666666666
0.49791666666666673
0.16513157894736843
0.1416666666666667
0.14999999999999997
0.08333333333333333
0.24350649350649353
0.2713541666666667
0.15918367346938772
-0.21666666666666667
0.26026785714285716
0.06126373626373626
-0.013095238095238099
0.31875
0.3705027548209366
-0.175
0.22823691460055098
0.296969696969697
0.2211399711399712
0.256
0.0125
0.05357142857142856
0.27
0.365625
0.24383608815427002
0.34493197278911564
0.5490079365079364
0.16419457735247212
0.09800128883462217
0.1099206349206349
0.2941558441558442
0.1065674603174603
0.31666666666666665
0.2829304954304954
0.11250000000000002
0.06952380952380953
0.030836139169472514
0.37785087719298244
0.21575757575757576
-0.24143356643356645
0.3083333333333333
0.3221380471380471
-0.09225589225589224
0.05750000000000001
0.1
0.30354978354978357
0.2375
0.0002645502645502636
-0.195
0.09852941176470588
0.044057971014492756
-0.05
0.27471655328798184
0.19
0.07604166666666666
0.08426218708827403
0.3231934731934732
0.2595959595959596
0.22725068141734805
0.3354166666666667
0.5267857142857143
0.1356934731934732
0.06378621378621377
0.7000000000000001
0.6328125
0.08003401360544217
-0.01781894576012224
0.5750000000000001
0.10925925925925925
0.2301515151515151
-0.25
0.17499999999999996
0.2643939393939394
-0.13961309523809526
0.65625
-0.008603896103896107
0.14864130434782608
-0.0494047619047619
0.08391666666666671
0.0
0.43500000000000005
0.07448412698412699
0.03935185185185187
-0.05
0.0652777777777778
-0.0017045454545454586
-0.11260330578512395
0.12443722943722943
0.07968242204655246
0.08333333333333333
-0.10975056689342404
-0.18
0.40710034013605434
0.5499999999999999
0.0490530303030303
0.10482954545454547
0.17666666666666667
-0.16999999999999998
-0.07312312312312311
0.30100000000000005
0.11059294241112423
0.3016313932980599
-0.005208333333333333
-0.39499999999999996
0.2857303503787879
-0.07112460666232638
0.2981770833333333
0.030864197530864203
0.022846889952153098
0.39761904761904765
0.4913547237076649
0.11764069264069264
0.22722222222222224
0.3246969696969697
0.2790833333333333
0.10937500000000001
0.16547619047619047
-0.009469696969696968
-0.018602900930487137
0.0875
0.01586096938775511
0.12803030303030302
0.2976399944141879
0.06895833333333334
0.16466666666666668
0.38035714285714295
0.5930555555555556
0.39999999999999997
0.5416666666666666
0.5375
-0.026532356532356534
0.24166666666666667
0.125
0.3583333333333334
-0.05147392290249433
0.13293650793650794
0.1619047619047619
0.21555555555555556
0.08333333333333329
0.0460290404040404
0.17388888888888887
0.13393939393939394
0.006980519480519484
0.32044288548752836
-0.030694444444444437
0.1450341325341325
0.6
-0.047619047619047616
-0.14196428571428574
0.23293209876543217
0.13424165120593692
0.3375
0.26625
0.06725589225589226
0.37166666666666665
0.17222222222222222
0.18888888888888888
-0.140625
-0.125
0.26543859649122803
0.11741071428571428
0.29285714285714287
0.05357142857142859
0.08960084033613447
0.1282312925170068
0.4583333333333333
0.0861111111111111
-0.041666666666666664
0.30125
0.4345833333333333
0.424537037037037
0.1619047619047619
0.0353515625
0.19423076923076923
0.20125473484848486
0.16828703703703704
0.27199999999999996
0.46294642857142854
0.25625000000000003
0.22853535353535354
0.287037037037037
0.18214285714285713
0.07579212454212456
0.16354166666666667
0.31
-0.6285714285714287
0.29247619047619045
0.41503401360544206
0.21240537240537238
0.30242003367003367
0.1875
0.26390692640692637
-0.01380208333333334
0.2092074592074592
0.21805555555555556
0.19416666666666668
0.13462481962481962
0.2486607142857143
0.2267316017316017
0.3779166666666667
0.2779761904761905
0.11731376262626264
0.06325000000000001
-0.35000000000000003
0.1328125
0.46666666666666656
0.3909090909090909
0.4216666666666667
0.3203703703703704
0.38567708333333334
0.6575
0.25312500000000004
-0.012500000000000011
-0.046875
0.3159247757073844
0.21145833333333333
-0.6
0.12619047619047621
0.3413690476190476
0.175
0.3436197916666667
0.22698924731182799
0.4421875
0.26542145593869726
0.17892857142857144
-0.03333333333333333
0.24373106060606065
0.019444444444444462
-0.19285714285714287
0.03469696969696969
-0.04270833333333332
0.375
0.31666666666666665
0.1836080586080586
0.2774848484848485
0.039999999999999994
0.07255291005291005
-0.04599567099567101
0.04792960662525881
0.26017460317460317
-0.052777777777777785
0.07825396825396826
0.2833001893939394
0.0
0.2916666666666667
-0.04924242424242425
0.2755102040816327
0.08630952380952382
-0.07817460317460316
0.042734545454545456
-0.06249999999999999
0.10590277777777779
0.2745580808080808
0.11875000000000001
0.3888888888888889
-0.0875
0.06515151515151517
0.21938988095238096
0.1375
-0.09999999999999999
0.26249999999999996
0.42666666666666675
0.3458333333333333
0.3
0.06594104308390022
0.28125
0.25
0.11153846153846153
0.6166666666666667
0.07222222222222219
0.021290792540792546
0.032118055555555566
-0.0034722222222222285
0.12965754483611627
0.2299107142857143
-0.22777777777777777
-0.5
0.2343253968253969
0.2366666666666667
-0.009259259259259264
0.3709090909090909
0.11212121212121212
-0.03749999999999997
-0.6416666666666667
0.03625679875679876
0.25
0.05925925925925927
0.14545454545454548
0.1788690476190476
0.2860081073896863
0.03125
-0.049999999999999996
-0.14822048611111113
0.19055555555555556
0.625
-0.041761363636363645
-0.1362689393939394
0.22564033189033184
0.17222222222222222
-0.3333333333333333
0.12077922077922078
-0.195
-0.2743686868686868
-0.033333333333333326
-0.0813095238095238
-0.09305555555555556
0.32023809523809527
0.03452380952380951
0.24999999999999997
0.5416666666666666
0.3633926218708828
0.039781746031746036
0.02884615384615384
0.07653061224489796
0.10555555555555556
-0.006900352733686067
0.15715269578905947
0.025158730158730158
0.18452380952380953
0.5083333333333333
0.29759897107723193
0.3016666666666667
-0.575
0.0533993783993784
0.06558441558441558
0.13452380952380952
0.18444444444444444
0.4055803571428572
0.19075126262626263
0.0018320964749536234
0.07001047339757023
0.7000000000000001
0.27888888888888885
0.22222222222222224
0.11160714285714285
0.2868606701940036
0.35277777777777775
-0.08328823953823951
0.019074074074074063
0.3611111111111111
-0.06818181818181818
-0.16741071428571427
0.19791666666666666
-0.059884559884559874
0.5045454545454546
0.0707070707070707
0.27779973649538864
0.08815476190476192
0.15415966386554625
0.1861111111111111
0.050000000000000024
-0.1153846153846154
-0.44999999999999996
-0.09826388888888886
0.1282051282051282
-0.10000000000000005
0.45
-0.09870129870129869
-0.100625
0.5
0.10590193140193142
0.05576190476190476
0.26666666666666666
-0.5499999999999999
0.1375
0.09999999999999999
0.10636645962732919
0.48888888888888904
0.39496428571428577
0.28717948717948716
0.1946969696969697
0.0
0.22031250000000002
-0.04642857142857143
0.09999999999999999
0.39749999999999996
0.3333333333333333
0.16649122807017544
0.10810438368055554
0.2206349206349206
-0.07868480725623586
0.42838541666666674
0.25833333333333336
0.195
-0.004999999999999999
0.12949275362318838
0.47500000000000003
0.130859375
0.27312499999999995
0.16703869047619047
0.3416666666666667
0.55
0.29163265306122443
0.2655654761904762
-0.26
0.22872806687910854
0.1715277777777778
0.10600000000000001
0.08636363636363638
0.2805681818181818
0.17509182736455464
0.26046875
0.29
0.12251190476190482
0.044093104962670174
0.13517316017316014
0.1349206349206349
0.01874999999999999
0.21285714285714286
0.18382034632034633
0.060504658385093175
-0.2274621212121212
0.8
0.18577178030303032
0.3763888888888889
-0.3302225748697916
0.2865885416666667
0.0854761904761905
0.3460317460317461
0.25625
0.00974517906336087
0.03159340659340659
0.3941666666666667
0.525
0.15704099821746878
0.032499999999999994
0.2277777777777778
0.2642857142857143
0.09489795918367348
0.25057397959183675
0.4859375000000001
0.5614583333333334
0.24988553113553116
0.36
0.10026455026455026
0.28625
-0.020833333333333336
-0.4136363636363637
0.170679012345679
0.26048951048951047
0.576984126984127
-0.75
0.3396401515151515
0.2480769230769231
0.5293831168831168
-0.04078947368421053
0.3833333333333333
0.4540688775510203
0.2775
0.16244318181818185
0.24583333333333332
0.08942550505050506
0.35750000000000004
0.17314814814814816
0.4
0.39173076923076927
0.10774410774410774
0.17462754962754967
0.5260890151515152
0.5541666666666667
0.054928651595318276
0.298828125
0.07682765151515152
0.39840510366826154
-0.01103896103896103
0.016792929292929297
0.2847868460764587
0.3227541902541902
0.24305079365079366
0.14285714285714285
0.13095238095238096
0.05393939393939393
0.046666666666666655
0.2087173913043478
0.29700905155450613
0.2624188311688312
0.04333333333333334
0.255
-0.056192129629629634
0.6166666666666667
0.4350641025641026
0.79974365234375
-0.07916666666666666
0.19166666666666674
0.3403628117913833
0.2072058823529412
0.5026041666666666
0.1609006734006734
0.3833333333333333
0.33125000000000004
0.44000000000000006
0.36458333333333337
0.13979591836734695
0.027500000000000014
0.09477513227513228
0.0625
-0.03750000000000001
0.4583333333333333
-0.016666666666666663
0.37115384615384617
0.5014136904761904
0.2293560606060606
0.2375
0.1625
-0.16666666666666669
0.36141184573002755
-0.005175983436853
0.5196969696969697
0.21945773524720893
-0.1002777777777778
0.3614039201539201
0.3466666666666667
0.1875
0.29749108734402846
0.3666666666666667
0.137427660059239
-0.0443452380952381
0.31714285714285717
0.1958333333333333
0.36874999999999997
0.4226988636363636
0.39166666666666666
0.20909090909090908
0.4182742604617605
0.707046130952381
0.3696614583333333
0.20188492063492067
0.17798271581359817
0.16493055555555555
0.375
0.25708333333333333
0.04195402298850576
0.38958333333333334
0.32222222222222224
0.24469696969696972
0.005859375
0.17982456140350878
0.1128918495297806
0.11813186813186813
0.18214285714285713
0.15000000000000002
0.3030145202020202
0.3034722222222222
0.1465909090909091
0.21574074074074076
0.30819444444444444
0.09236111111111112
0.25879629629629636
0.4166666666666667
0.24719387755102035
0.45625000000000004
0.3113461538461539
0.1809375
0.4782142857142858
0.2611111111111111
0.3645833333333333
0.33469387755102037
0.033333333333333326
0.14944444444444444
0.3148809523809524
0.20766666666666672
-0.1875
0.013469516594516596
0.28787842712842715
0.16193434343434346
0.2572048611111111
0.15289772727272727
0.43499999999999994
0.45625000000000004
0.42142857142857143
0.23243506493506494
0.3119218129960318
0.31726190476190474
0.09194444444444444
0.08333333333333333
-0.12612283549783548
0.13822278911564626
0.5476190476190476
0.0794749149659864
-0.2802083333333333
-0.049107142857142856
0.46190476190476193
0.2776666666666667
0.3125
-0.29
0.325
0.20634920634920637
0.1364795918367347
0.15793650793650796
-0.040990259740259744
0.1935606060606061
-0.008333333333333338
0.4148243801652892
-0.10416666666666667
0.12285714285714286
0.5083333333333333
0.4166666666666667
0.010243055555555537
0.23833333333333334
0.4534722222222223
0.5
0.3025
0.24444444444444446
0.31428571428571433
0.2760416666666667
0.04342105263157895
0.15387529137529138
0.15499999999999997
0.11463615749330038
0.05897435897435899
0.10191387559808614
0.3074074074074074
0.36093749999999997
0.4114583333333333
-0.2
0.29583333333333334
0.16458333333333333
0.30056022408963584
0.23788599221291531
0.36206550802139037
0.15
0.3620454545454545
0.3557296927609428
0.4083333333333333
0.08177083333333335
0.20232683982683983
0.34843537414965986
0.2585800229182582
0.5322727272727272
0.21166666666666667
0.26
-0.017329545454545486
-0.029166666666666674
0.19238095238095235
0.09642857142857143
0.16959956709956708
0.09375000000000001
0.03580246913580246
0.27905645743145746
0.5361111111111111
0.0449561403508772
0.15970238095238098
0.72
0.41237373737373734
-0.18125000000000002
-0.040990259740259744
0.5022727272727272
0.08068181818181817
-0.095
0.09070767195767195
-0.03
0.09087301587301588
0.02321428571428572
0.16785714285714287
0.0925438596491228
0.45
0.34722222222222227
0.09742063492063492
0.36346153846153845
0.3125
0.008823529411764707
0.005663780663780667
-0.021039094650205772
0.5708928571428572
0.016349206349206363
0.10333333333333336
-0.6950000000000001
0.17208333333333334
0.15769230769230771
0.14583333333333331
0.16333333333333336
-0.15045093795093795
0.14166666666666666
-0.033928571428571426
-0.011538461538461515
0.42685185185185187
0.027657004830917882
0.07991666666666669
0.42083333333333334
-0.11136363636363635
0.19821428571428573
0.19382716049382714
0.030246913580246917
0.05600000000000001
0.4354166666666666
0.2061861471861472
-0.031818181818181815
-0.05555555555555555
0.10673045559764309
0.48660714285714285
0.24945197044334974
0.36
0.1624003189792664
0.353125
-0.06597222222222222
0.21038461538461536
0.5177210884353741
0.11553030303030304
-0.26875
0.12513888888888888
0.09139194139194141
0.3964285714285714
0.15318627450980393
0.6031994047619048
0.0851468253968254
0.20555555555555555
0.3333333333333333
0.30799999999999994
-0.14460470085470084
0.32083333333333336
0.0422077922077922
0.12946428571428573
0.11509659090909094
0.10650375939849625
-0.004166666666666675
-0.02325347222222224
0.28935185185185186
0.12513888888888888
-0.10500000000000001
0.322608024691358
-0.10833333333333334
0.03193817052512705
0.1444444444444445
-0.11069444444444441
0.41200000000000003
0.05942760942760943
-0.11401455026455028
0.015653036576949633
0.4575
0.2269128787878788
0.4227272727272727
0.03125
0.04273989898989901
-0.004507739735012467
-0.026984126984126982
-0.2976010101010101
0.3590909090909091
0.17037037037037037
0.7125
-0.08055555555555556
-0.25
0.13852272727272727
0.17727272727272728
0.13333333333333333
0.10311379097093382
0.31946022727272727
-0.01750000000000001
0.26799450549450554
-0.48214285714285715
-0.47500000000000003
0.4307383903974813
0.4696180555555556
0.10883763227513231
-0.19166666666666665
0.0
-0.13333333333333333
0.17916666666666667
0.39163636363636367
0.39506802721088435
0.15433959156785243
-0.1
0.20473137973137973
0.18333333333333335
0.265
0.2592592592592593
0.0675
0.22796875
0.026736111111111124
0.19257703081232494
0.3375
-0.22053571428571428
0.20456349206349203
-0.15884615384615386
0.15606060606060607
0.1310669411888924
-0.184
0.1351190476190476
0.11880411255411255
0.15388888888888888
-0.024999999999999994
0.33795238095238095
0.06363636363636363
0.33125000000000004
0.1875
0.05909090909090909
0.19355072463768117
0.4166666666666667
0.34222027972027974
0.21428571428571427
-0.07999999999999995
0.3026041666666667
0.10817750677506774
0.20755555555555555
-0.11679292929292928
0.6083333333333333
0.25833333333333336
0.1
-0.021458333333333322
0.2272727272727273
0.1325
0.1944545454545455
0.1320555555555556
-0.04375000000000002
0.10666666666666666
0.03000000000000001
0.20332840236686392
0.31708603896103893
0.3
-0.2625
0.125
0.20138888888888887
0.25212418300653594
0.1640909090909091
-0.1666666666666666
0.07857142857142858
0.5166666666666666
0.335
0.3201048951048951
0.23565656565656562
0.26666666666666666
0.23995535714285715
0.5475585937499999
0.19260204081632654
0.2475641025641026
0.05333333333333333
0.1740530303030303
0.4125
0.027850877192982463
0.2010657596371882
0.49422348484848483
0.06393921796360821
0.41875
-0.09962121212121208
-0.046666666666666655
0.24618055555555554
0.19214285714285714
0.14038461538461539
0.3464583333333333
0.048791666666666664
0.022558922558922605
0.21215277777777777
0.04694444444444445
0.6
0.1765079365079365
-0.0116231438812084
0.27913773148148147
0.0
0.2772727272727273
-0.02357142857142856
0.3572916666666667
1.0
0.25069444444444444
0.054733424470266585
0.2356590909090909
0.10098039215686275
0.21810529537802262
0.46388888888888896
0.5875
0.02029220779220779
0.20000000000000004
0.22023809523809526
0.18461538461538465
0.23911458333333332
0.4355555555555556
-0.024999999999999994
0.36022727272727273
0.15595238095238095
0.5625
0.04416666666666665
0.16833333333333333
-0.020833333333333336
0.4227272727272727
0.15189393939393941
0.19816181293454022
0.1527612433862434
0.13986415882967607
0.36874999999999997
-0.05520833333333333
0.26025
0.15222431077694235
0.1875
0.20500000000000002
-0.08420138888888888
0.10000000000000003
0.17657271241830066
0.1527529761904762
0.277265625
0.20056818181818184
0.3445833333333334
0.12056277056277055
0.3365740740740741
0.4362500000000001
0.22380456349206349
0.2857142857142857
0.2175438596491228
0.20833333333333334
0.04483333333333334
0.040972222222222215
0.32055555555555554
0.23166666666666663
0.28532608695652173
0.6252857142857143
0.21892857142857142
0.4745454545454545
0.12916666666666665
0.0798611111111111
0.13125
0.2453125
-0.005333333333333338
0.22951231060606062
0.023076923076923068
0.5
-0.08547619047619046
0.16512180629827694
0.6000000000000001
-0.19166666666666662
0.0674527227158806
0.21875
0.47000000000000003
0.09687500000000002
0.02099139895192527
0.21570247933884296
-0.07333333333333333
0.45
0.32845052083333337
0.2642857142857143
0.42708333333333337
0.010416666666666713
0.3153506493506494
0.3
0.3190476190476191
0.8194444444444443
0.6032828282828283
0.44246031746031744
-0.12767857142857142
0.16999999999999998
0.34659090909090906
0.08571428571428572
0.1805265151515151
0.36
-0.07619047619047618
0.14943181818181817
0.1940217391304348
0.23532196969696972
0.12
0.19146825396825395
0.09183333333333332
-0.033333333333333326
0.2553174603174604
0.3375
0.14343434343434344
0.3947330447330447
0.19276315789473683
0.1057936507936508
0.434018759018759
0.43863445378151267
0.538125
0.1328125
0.3827474249888044
0.09265151515151514
0.1875
-0.059722222222222225
0.16916666666666666
0.1718390804597701
0.09611111111111112
0.29375
0.11681697931697932
0.07074592074592076
0.234375
0.11607142857142858
0.36446969696969694
0.615
0.3416666666666667
-0.08466666666666668
-0.052976190476190475
0.07222222222222224
-0.11197916666666666
0.2
0.13055555555555554
0.2067129629629629
0.3886363636363636
0.1111842105263158
0.21564935064935067
0.3416666666666667
0.16927083333333334
0.19606833642547924
-0.02633928571428571
0.5203125
0.3166666666666667
0.08444444444444446
0.3575520833333334
0.23611111111111108
0.28125
-0.0817361111111111
0.13333333333333333
0.3489583333333333
0.17407407407407408
0.11964285714285713
0.16833038173947265
0.32024044795783924
0.17894736842105266
0.4172727272727273
0.215
-0.00499999999999996
0.1975189393939394
0.27409420289855074
-0.08571428571428573
0.2525
0.3348484848484849
0.25803571428571426
-0.017777777777777778
0.22000000000000003
0.2
1.0
-0.027999999999999962
0.20142857142857143
-0.9
0.06070707070707071
-0.004666666666666668
0.06227272727272728
0.375
0.17500000000000002
0.3055555555555556
0.40625
0.07219291125541126
0.5166666666666667
0.16911764705882354
0.3393333333333334
0.28810606060606053
0.5121212121212122
0.27416666666666667
0.30627705627705626
0.18074155080635904
0.17751623376623377
0.37875000000000003
0.35886363636363633
0.18333333333333335
-0.00119047619047621
0.34562499999999996
0.29770182291666675
0.29259259259259257
0.1769635126777984
0.06953124999999999
0.075
0.36875
0.703125
0.03165584415584415
0.21303418803418805
0.4625000000000001
0.06785714285714285
0.85
0.46031795790416485
0.375
-0.00833333333333334
0.6325757575757576
0.4410416666666667
0.5333333333333333
-0.11963869463869463
0.19097222222222224
0.09752059052059053
0.5857142857142857
0.17121212121212123
-0.048437499999999994
0.3568265068265068
0.5159556878306879
0.234375
0.2452050264550265
0.3458333333333334
0.47619047619047616
0.43333333333333335
0.4625
0.4354166666666666
0.0
0.30925925925925923
0.395
0.23055555555555554
0.23896103896103896
0.24139384920634926
-0.2586489898989899
0.3057692307692308
0.12790616246498598
0.29270833333333335
0.03508804258804259
0.14363636363636365
0.29333333333333333
-0.01113636363636362
0.31875
0.21023809523809525
0.46333333333333326
0.20405844155844158
0.1858276692793738
0.3055952380952381
0.0625
0.048846153846153845
-0.191010101010101
0.425
0.1974242424242424
0.19659090909090907
0.16180555555555556
0.19713068181818183
0.00218855218855219
0.36403061224489797
0.13885714285714287
0.02749999999999999
0.14625
0.22446969696969699
0.10714285714285714
-0.03333333333333331
0.022916666666666665
0.07600000000000001
-0.016666666666666656
0.5416666666666667
0.2507936507936508
0.09597222222222224
0.4928030303030304
0.2012626262626263
0.08775132275132275
-0.07261904761904761
0.23790404040404037
0.15977564102564104
-0.10375000000000001
0.4222222222222223
-0.0023437500000000194
0.3680555555555556
0.43333333333333335
0.2639652014652015
0.11597222222222224
-0.005468749999999981
0.3672979797979798
0.15243055555555557
-0.0948051948051948
-0.04261363636363636
0.1729166666666667
1.0
0.037500000000000006
0.031249999999999997
0.6770833333333333
0.5745454545454545
0.15
0.40233843537414965
0.2511072261072261
0.10999999999999999
0.062373737373737366
-0.06263020833333331
0.04247517188693659
0.2916666666666667
0.28541666666666665
0.07069128787878787
0.15233932733932734
0.1928571428571429
0.11999999999999998
0.26282111528822055
0.3060714285714285
0.52
0.021233840215773795
0.04404761904761908
0.18928571428571428
0.054861111111111124
0.25187908496732025
0.22368055555555552
0.2773358585858586
0.16577067669172937
0.14339990817263545
0.426489898989899
0.37329545454545454
0.24566137566137566
0.1801190476190476
0.007142857142857133
-0.35
0.6625000000000001
0.2625270562770563
0.08333333333333333
-0.06296296296296296
0.425
-0.04999999999999999
0.3936363636363637
0.14270833333333333
0.39822222222222226
0.18416666666666667
-0.24722222222222223
-0.15
-0.00972222222222222
0.5416666666666666
0.16694444444444445
-0.23749999999999996
0.10714285714285712
0.21098484848484844
0.06851851851851852
0.5177083333333333
-1.0
0.2825
0.10588235294117647
0.009803921568627446
0.08612847222222221
0.265
0.019880952380952378
0.12521103896103894
0.2581751336898396
0.6705729166666666
0.14424603174603176
0.5788690476190476
0.21171875
0.08666666666666668
0.05611858379715522
0.2965088383838384
0.375462962962963
0.5722222222222223
0.013690476190476189
0.5416666666666666
0.4022916666666667
-0.12098765432098767
0.18941592261904763
0.2844451003541913
-0.03428571428571428
0.36666666666666664
0.32936507936507936
0.04333333333333335
-0.16600877192982458
0.4
0.1903703703703704
-0.02798611111111112
0.65625
0.2141156462585034
0.02298430735930735
-0.11475155279503105
