0.3995833333333333
0.325
0.09211309523809524
0.19814814814814816
0.525
0.32666666666666666
0.09907407407407406
0.19934523809523813
0.11904761904761905
0.2125
0.11537037037037037
0.253628663003663
-0.28125
0.34055555555555556
0.17878787878787877
0.3
0.453125
-0.17166666666666666
0.2547534165181224
-0.11500721500721503
0.2312847222222222
0.20137398833051004
1.0
0.16555555555555554
-0.04999999999999998
0.14863315696649035
0.48333333333333334
0.2223809523809524
0.1279998647186147
0.4245238095238095
0.3111111111111111
0.048484848484848485
0.45981481481481473
0.6428571428571428
0.25
0.3104166666666667
0.3267857142857143
0.1407828282828283
0.29708333333333337
-0.06682291666666665
0.12400278293135436
0.2719723274410774
0.49722222222222223
0.2375
0.00999278499278499
0.09375
0.18009523809523809
0.3126082251082251
0.13452380952380955
-0.05
0.2899267399267399
-0.057777777777777775
0.22380952380952382
0.010416666666666666
0.059595238095238104
0.09375
-0.4
-0.06227213541666665
0.2268518518518519
0.14615384615384613
0.18263888888888888
0.4083333333333334
0.6
0.146875
0.1937878787878788
0.13564814814814816
0.005681818181818177
0.2916666666666667
0.21904761904761905
0.3669834710743802
0.19500000000000003
0.042272727272727274
0.49572649572649574
0.3253086419753087
0.1085227272727273
0.35
0.17833333333333334
0.3588541666666667
0.0625
0.3175925925925926
-0.02895833333333333
0.44444444444444453
0.011734693877551034
0.26666666666666666
0.1088235294117647
0.36041666666666666
0.07250000000000001
0.20909090909090908
0.5183333333333333
0.125
0.08981481481481482
0.13202080327080326
0.003333333333333336
0.3333333333333333
0.15320512820512822
0.14807692307692305
-0.12076048951048951
0.004509379509379534
-0.1388888888888889
-0.03415032679738562
0.16994047619047617
0.15319444444444444
0.05833333333333333
-0.027976190476190464
0.013859763978019572
0.17333333333333334
-0.13614718614718613
0.18333333333333335
0.04285714285714285
0.38642113095238095
0.17559523809523808
0.491875
0.07583333333333334
0.08666666666666664
0.3888888888888889
0.01388888888888889
0.016666666666666666
0.16041666666666665
0.3571428571428571
0.010765237848571184
-0.06219405594405595
0.03819444444444445
0.075
0.3116517857142857
0.2550595238095238
0.25
0.10719696969696968
0.41427083333333337
0.08741258741258742
0.21666666666666667
-0.026315789473684206
0.15141369047619047
0.49385714285714294
0.39566666666666667
0.024107142857142855
-0.06875
0.08333333333333333
0.45312500000000006
0.1356859410430839
0.20502136752136751
0.0
-0.016987179487179503
0.07777777777777779
-0.12239583333333333
-0.1790272516835017
0.01574074074074074
0.13344832251082253
0.10915103415103414
-0.16666666666666666
0.2143939393939394
-0.05
0.673611111111111
-0.02788461538461539
0.2976190476190476
0.5371428571428571
-0.20079365079365077
0.027305665349143617
0.1409090909090909
0.0828077066965956
0.41875
-0.15277777777777776
-0.0539310515873016
0.18291666666666664
0.275
0.16442307692307695
0.23666666666666672
-0.025736961451247174
-0.10126050420168066
0.23264705882352943
0.2928571428571428
0.13187500000000002
0.0921768707482993
0.25320512820512825
0.3333333333333333
0.09265873015873016
0.178125
0.0765625
0.60625
-0.25
0.27187500000000003
0.4181143465909091
0.06006944444444445
0.17500000000000002
0.08119796869796868
0.3962962962962963
0.03823529411764707
-0.008333333333333331
0.22092737722048067
0.45555555555555555
0.2435774410774411
0.3139260912698413
0.19166666666666668
0.4
0.23357142857142854
0.0
0.3
0.46666666666666673
0.07853383458646616
0.09469696969696972
0.08511904761904762
0.26388888888888895
0.2814814814814815
0.1041666666666667
0.35555555555555557
0.14948015873015877
0.33125901875901875
0.2393939393939394
0.09247685185185185
0.44727272727272727
0.005833333333333327
0.09333333333333334
0.125
0.14129464285714285
0.38
0.3286485545106234
0.375
0.4222619047619048
-0.4318181818181818
0.15178571428571427
0.033541666666666685
0.1226190476190476
0.2673697916666667
0.3428571428571428
0.0065678524374176575
-0.135
0.15083333333333332
0.325
0.6457142857142857
0.023809523809523805
-0.07888888888888888
0.07920168067226892
0.587
0.27415775401069514
0.5333333333333333
-0.02076923076923078
0.31083333333333335
0.1946969696969697
0.18333333333333335
0.20000000000000004
0.05625000000000001
0.17974431818181813
0.19366009424603178
0.30166666666666664
-0.04807453416149067
0.052604166666666674
0.09431818181818181
0.5354166666666667
0.4861111111111111
0.22647058823529412
0.2645
-0.008948863636363623
-0.20833333333333334
0.35
0.35833333333333334
0.18958333333333333
-0.17941176470588233
0.27950980392156866
0.2416666666666667
0.0
0.3583333333333333
0.05462962962962963
0.125
0.3933333333333333
0.2353846153846154
0.0276111111111111
-0.08506944444444443
0.16458333333333333
0.22291666666666668
0.44833333333333336
0.04764610389610391
0.13690476190476192
0.8
0.1
0.03184523809523811
0.023102678571428586
0.29618055555555556
0.5416666666666666
0.17813988095238095
0.2536213786213787
-0.11999999999999997
0.1916666666666667
-0.19861111111111113
0.19597222222222221
0.12434210526315786
-0.15000000000000002
-0.008284396762657598
0.2555555555555555
0.462
-0.006000000000000015
0.275
0.39081632653061227
0.37083333333333335
0.3119047619047619
0.17715617715617718
0.71875
0.1869047619047619
-0.05214285714285715
-0.023391812865497064
0.20555555555555557
-0.10028388278388277
0.1416666666666667
0.3522222222222222
0.2720893141945774
0.3392857142857143
0.38666666666666666
-0.0198051948051948
0.24000000000000005
-0.021875000000000006
-0.061111111111111144
0.46584821428571427
0.10980392156862742
0.05833333333333334
0.32882898351648354
0.6040364583333334
0.08541666666666665
0.13124999999999998
-0.1808080808080808
0.04791666666666666
0.3666666666666667
-0.05411845730027549
-0.06666666666666667
-0.2178125
0.5368055555555556
0.14583333333333334
0.2785833333333334
0.13214285714285715
0.078125
0.30533333333333335
0.23428030303030303
0.28250000000000003
0.2875
0.2884259259259259
-0.24375
0.34739583333333335
0.12425213675213674
0.04848484848484848
0.09999999999999999
0.14
0.3564583333333333
0.06904761904761907
0.15023809523809523
0.3492857142857143
0.5080357142857143
0.04486215538847118
-0.025961538461538463
-0.01892857142857145
0.165
0.09889717487373735
-1.0
0.17834249084249085
0.057499999999999996
-0.025694444444444447
0.2677083333333333
0.010416666666666666
0.03333333333333333
0.24182900432900434
0.020833333333333332
0.018073593073593068
0.1511658795749705
-0.04479166666666666
0.3266666666666666
-0.022166666666666668
0.35
0.315625
0.22018398268398265
0.04105576441102757
-0.03229166666666666
0.15493827160493825
0.06126984126984126
0.6
0.5636363636363636
0.32708333333333334
0.11879767058338488
0.13333333333333336
0.16514041514041516
0.003125
-0.1275
0.4766666666666667
0.10634920634920636
0.38333333333333336
0.30000000000000004
0.15576923076923077
0.125
0.37380952380952376
-0.036875
-0.35267333984374993
0.1872222222222222
0.19999999999999998
0.3541666666666667
0.09999999999999999
0.19097222222222224
0.5365767045454546
-0.0231359649122807
-0.053571428571428575
-0.10833333333333331
0.07916666666666668
-0.023214285714285715
0.21250000000000002
0.13631628787878786
-0.275
0.74
-0.009391534391534388
0.22767857142857145
-0.7562499999999999
-0.16785714285714287
0.3657142857142857
0.09880952380952382
0.2176136363636364
0.5208333333333334
0.5199999999999999
0.06754807692307693
0.058072916666666675
-0.027777777777777776
0.9127604166666666
0.23862433862433863
0.35041666666666665
0.24166666666666667
-0.02692307692307692
-0.11538461538461539
0.08153846153846155
-0.2047619047619048
-0.21607142857142855
0.7184999999999999
0.23166666666666663
0.12792207792207794
0.05237713267125031
0.6000000000000001
0.2962962962962963
-0.13333333333333333
-0.05512820512820512
0.2967857142857143
0.10180059523809523
0.0643939393939394
0.252262888626525
0.1649621212121212
-0.002272727272727265
0.1175617784992785
-0.1363888888888889
0.44000000000000006
0.10932817552175189
0.06727272727272728
0.18382421150278289
0.546875
0.3117424242424242
0.4044270833333333
-0.078125
0.3998737373737374
0.05416666666666667
-0.11249999999999999
-0.12704613095238093
0.18177083333333335
-0.18060897435897433
0.25162907268170426
0.04318495514147689
0.4055555555555556
0.5694444444444444
0.13496427691549642
-0.33333333333333337
0.09722222222222222
0.22305555555555553
-0.0045783926218708896
0.08750000000000001
0.1171875
0.36156204906204903
0.09644097222222221
-0.11190476190476192
0.15530303030303028
0.09676737172141585
0.1952380952380952
-0.004687499999999983
0.13062596006144392
0.11795634920634922
0.5770833333333334
0.06091269841269841
0.3247412008281574
0.19508333333333333
0.0
0.037500000000000006
-0.3499999999999999
0.29000000000000004
0.3309444444444445
0.15062358276643992
0.16666666666666666
-0.634375
-0.032692307692307694
0.35
0.16666666666666666
0.17847222222222223
-0.25
0.2875
0.11666666666666664
0.30833333333333335
0.036999999999999963
0.390625
-0.1857142857142857
0.5333333333333333
0.1547123015873016
0.09115710678210677
0.09277210884353741
-0.52
-0.0666666666666667
0.6
0.021428571428571432
0.04761904761904762
-0.09910037878787878
0.15512820512820513
-0.09
0.14533333333333334
0.004861111111111112
0.3198809523809524
0.10277777777777777
0.1612745098039216
0.5
-0.059999999999999984
0.22650793650793652
-0.03125
-0.09999999999999999
0.18177083333333333
-0.13999999999999999
0.6022727272727272
-0.0009259259259259303
0.024999999999999994
0.16767676767676767
0.04768518518518519
0.125
0.11878501400560225
0.16568627450980392
0.10833333333333334
0.12762345679012346
-0.275
0.048333333333333325
0.2972222222222222
0.37333333333333335
0.06412738496071832
-0.325
0.26342592592592595
-0.04925031565656565
0.003535353535353523
-0.01749999999999996
-0.31999999999999995
0.5628787878787879
-0.2785714285714286
-0.6950000000000001
-0.07777777777777779
0.04387755102040815
0.4952727272727272
0.05167857142857143
0.28888888888888886
-0.08392857142857144
0.10416666666666667
0.22731481481481483
0.5416666666666666
0.6833333333333333
0.03066017316017316
0.08333333333333336
-0.13749999999999998
-0.10694444444444445
0.31666666666666665
0.21618457300275484
0.12149999999999998
0.2808080808080808
0.18333333333333335
-0.05456349206349204
0.21265664160401007
0.08333333333333333
0.7166666666666667
0.24875000000000003
0.10100000000000002
0.12428571428571429
0.275
-0.09014423076923074
0.2205246913580247
0.29448051948051945
0.04761904761904763
0.030952380952380953
0.2603896103896104
0.1625
0.45357142857142857
0.2333333333333333
-0.3125
0.16296296296296298
0.21864357864357864
0.005820105820105824
-0.025000000000000022
0.15833333333333333
0.2604444444444445
0.4138888888888889
-0.042628205128205136
0.29931457431457437
-0.3488888888888889
-0.09523809523809523
0.049999999999999996
0.08440229361281994
0.13208333333333333
-0.01035997732426303
-0.0547222222222222
0.3
-0.011837121212121202
0.14123376623376624
0.1064814814814815
0.0034848484848484795
0.02884722222222222
0.255952380952381
0.13130401234567904
-0.20358796296296292
0.015988065988065982
0.23311688311688308
0.6520833333333333
0.22492424242424244
-0.006719576719576712
-0.005555555555555554
0.25635357481060606
0.06533333333333333
0.0915277777777778
-0.4305555555555556
-0.24696969696969698
0.12972013366750207
0.09718614718614718
0.002886002886002891
0.03055555555555556
0.22287878787878793
0.18422619047619046
0.08608058608058608
-0.16666666666666666
-0.11818364845938378
0.18933566433566437
0.03289141414141413
0.19418120941558442
-0.000519978106184998
0.022302907119980286
-0.02849206349206349
0.04375000000000002
0.32260989010989005
-0.15625
-0.033212560386473446
-0.18
0.7200000000000001
0.12261904761904761
0.024999999999999994
-0.12261072261072262
0.215993265993266
0.22554112554112554
0.42500000000000004
0.2
-0.03194444444444444
-0.7
0.3051282051282051
0.10416666666666666
0.29545454545454547
-0.21792582417582418
0.09801587301587303
-0.07003367003367006
-0.03062770562770563
0.25681818181818183
0.4381944444444444
-0.48749999999999993
0.18015873015873016
-0.03611111111111111
-0.20625
0.36250000000000004
-0.036211943793911
0.14391927083333333
0.4448593073593074
0.007575757575757569
0.0
0.05047619047619047
0.31480654761904764
0.002585227272727267
-0.09023569023569024
0.04469696969696969
0.021388888888888895
0.2333333333333333
0.04785353535353536
0.19444444444444445
0.3293290043290043
-0.010303795531068265
0.21515151515151515
0.12102764659582844
-0.23125
0.3568181818181818
-0.06666666666666667
0.29047619047619044
0.6555555555555556
0.28685185185185186
0.44393939393939397
0.029136363636363637
0.1486111111111111
0.18928571428571428
-0.2933766233766234
0.2986111111111111
0.12900793650793652
0.3386904761904762
0.25357142857142856
-0.04583333333333333
0.28125
0.0384018759018759
0.38958333333333334
-0.024999999999999994
0.16885521885521884
0.19791666666666666
0.41916666666666663
0.5238095238095238
0.30357142857142855
0.2169202898550725
0.18723958333333335
0.022222222222222216
0.01805555555555556
-0.012987012987012991
0.109375
0.1275
0.615
-0.4
0.10605158730158731
0.6255
0.0
-0.375
0.18455988455988454
0.16666666666666669
0.3203125
0.2396825396825397
0.38690476190476186
0.006210059781488354
0.19416666666666665
0.04279609279609278
-0.185
0.3033333333333334
0.049305555555555554
0.2875
-0.09166666666666666
0.46388888888888896
0.26973079004329004
0.1395061728395062
0.5265151515151515
0.33222222222222214
0.2248376623376623
0.21833333333333335
0.15219298245614035
0.275
0.08472222222222221
0.1785714285714286
0.7200000000000001
0.06776094276094277
0.10000000000000002
0.8125
0.01874999999999999
0.215
0.25533175158175153
0.1850198412698413
0.17212752525252528
0.1574074074074074
-0.3350694444444444
0.43333333333333335
0.16166666666666663
0.10370370370370371
-0.12087962962962966
0.17083333333333336
0.48257575757575755
0.11666666666666667
-0.1378787878787879
0.06149691358024693
0.19288009969828152
0.26200980392156864
0.2366666666666667
0.08333333333333334
0.18125000000000002
0.3932900432900433
0.19375
0.16963235294117646
0.2502840909090909
0.13036273056653494
0.49204545454545456
0.0
0.2875
0.04126157407407407
-0.10615079365079363
0.11431372549019607
0.1909090909090909
0.1842361111111111
0.5014880952380952
0.375
0.36875
0.10841346153846153
0.17763888888888898
-0.11020408163265305
0.28134920634920635
0.0708333333333333
-0.06749999999999999
0.31666666666666665
-0.033333333333333326
0.0574404761904762
0.08829823369565219
0.15714285714285717
0.010416666666666713
-0.029225698543880355
-0.24416666666666664
0.264616402116402
0.044444444444444446
0.09375000000000003
0.2932900432900433
0.65
0.17306666666666667
0.0901923076923077
0.9375000000000001
0.29352083333333334
0.19019890873015868
0.0
0.11000000000000001
0.2054036458333333
0.2
0.23202380952380955
0.1639361300075586
0.09871794871794871
0.22000000000000003
0.25416666666666665
0.12976190476190477
0.21666341991341992
-0.22083333333333333
0.1
-0.12666666666666668
0.03311688311688311
0.13054232804232804
0.463599537037037
0.1
0.31666666666666665
0.21241496598639456
0.09999999999999999
-0.06666666666666668
0.38864468864468865
0.005266955266955253
0.28358024691358025
0.21411564625850338
0.233974358974359
0.07416666666666667
0.21747159090909093
0.3055555555555556
-0.1325
0.05075187969924811
0.5028409090909091
0.25
0.03571428571428571
0.6
0.17297979797979798
-0.19259259259259257
-0.04761904761904764
-0.03606060606060607
-0.5
0.3
0.41500000000000004
-0.00833333333333334
0.34545454545454546
0.10000000000000002
0.21944444444444447
-0.2322067901234567
0.14047619047619048
0.13397435897435897
0.3495179063360882
0.19686147186147185
-0.22000000000000003
0.04999999999999999
0.10454545454545454
0.0
0.2729591836734694
0.10925035612535612
0.4175
-0.20833333333333331
0.23484848484848478
0.375
0.022499999999999985
0.1125
0.01875
0.24659090909090908
0.033333333333333326
0.22499999999999998
0.12750835421888054
0.20777777777777778
0.3833333333333333
0.2630952380952381
0.3125
0.3333333333333333
0.008333333333333378
0.40982142857142856
0.18401222651222654
0.21962749615975422
0.175
0.1619429590017825
0.34375
-0.11229166666666665
-0.5
0.025000000000000005
0.625
0.4016354166666666
0.4302083333333333
0.37083333333333335
0.0
0.37777777777777777
0.4611111111111111
0.18333333333333332
0.21071428571428572
0.44375
1.0
0.0500000000000001
0.13026190476190477
0.054807692307692286
0.43416666666666665
0.1492857142857143
0.08489583333333334
-0.04572829131652661
0.246875
0.25
0.14805194805194802
0.2617857142857143
0.14750000000000002
0.16380952380952382
0.2333333333333333
-0.06666666666666667
0.4222222222222223
0.29696180555555557
0.37
-0.2375
0.2928571428571428
-0.1756628787878788
-0.27592592592592585
0.5545454545454545
0.4086458333333334
0.09052197802197805
0.26666666666666666
0.4
0.18739316239316237
-0.2742857142857143
-0.007407407407407412
0.07333333333333333
0.06052631578947368
0.025000000000000012
0.36099439775910364
-0.5
-0.06000000000000001
0.03437499999999999
0.004761904761904777
0.3
0.0
0.15363636363636363
0.20913299663299664
0.10208333333333333
0.22973484848484846
0.3055555555555556
0.3912202380952381
-0.2833333333333333
0.07280255975908152
0.37142857142857144
0.3983333333333333
0.1419642857142857
0.05227272727272727
-0.06333333333333334
-0.10277777777777779
-0.06979166666666667
0.6
0.09196153846153846
-0.25
0.1284535834535835
0.21812499999999999
-0.05000000000000001
0.31483333333333335
0.07994987468671678
0.2361111111111111
0.08333333333333333
0.1222222222222222
0.33999999999999997
0.4222222222222223
0.2082390873015873
0.2986891631652661
0.07546296296296297
0.15956937799043058
0.18333333333333332
0.35876623376623373
-0.25
1.0
0.27346938775510204
0.3527777777777778
-0.024999999999999994
0.13846153846153847
-0.07500000000000001
0.019642857142857146
0.26672077922077925
0.4145182291666667
0.335
-0.2222222222222222
0.21359970359970362
0.10250626566416039
0.1990900856389987
0.15
0.24583333333333332
-0.13148148148148148
-0.033333333333333326
0.3930555555555555
0.22708333333333333
0.0
-0.14774305555555556
-0.029365079365079372
0.05714285714285713
0.07729166666666668
0.2637752525252525
0.11217948717948717
0.10306818181818182
-0.09955621301775149
0.22043650793650793
0.2989583333333334
0.3333333333333333
-0.00714285714285715
-0.011111111111111118
0.05000000000000001
0.5694444444444445
-0.025
0.35208333333333336
-0.14602272727272728
-0.029166666666666667
0.2928571428571428
0.09999999999999998
0.13419913419913418
-0.17169596354166664
0.07864583333333332
0.14117213804713805
0.3278409090909091
0.1
-0.26249999999999996
-0.17884615384615382
-0.2874999999999999
0.30666666666666664
0.18511904761904763
1.0
0.10985930735930736
0.18038194444444444
0.08214285714285714
0.195
0.115625
0.12767857142857142
0.17857142857142858
0.133125
-0.14722222222222223
0.25
0.28393141945773526
0.19535714285714287
0.0
0.14322916666666666
-0.49666666666666665
-0.002884615384615383
0.11249999999999999
0.0866581632653061
-0.022222222222222216
-0.43333333333333335
0.08396027049873205
0.1796626984126984
0.2419444444444445
-0.03125
0.13095238095238093
-0.10454545454545454
0.1070909090909091
-0.14166666666666664
-0.006818181818181814
0.011732936507936498
0.06553030303030302
0.3261904761904762
0.28011904761904766
0.2773809523809524
-0.12142857142857144
0.0009920634920634966
0.04479166666666666
0.38845131802721095
0.14444444444444446
0.23121212121212126
-0.051075268817204304
0.0
0.5483333333333333
0.25026455026455025
0.11818181818181818
0.005071428571428578
-0.11583333333333334
-0.0375
0.0634920634920635
0.2635416666666667
0.09807692307692309
0.07500000000000001
0.1619047619047619
0.08915781188508459
0.25416666666666665
0.615
0.06338383838383838
0.39999999999999997
-0.22749999999999998
-0.0625
0.22330542264752787
0.2944444444444445
0.46875000000000006
-0.11303854875283448
0.06
0.11831868489583335
0.2783143939393939
0.17204761904761906
0.21000000000000002
-0.20833333333333334
-0.15
-0.10984848484848485
0.4416666666666667
0.0
0.3980027548209366
0.07017045454545454
0.2414527629233512
0.01709956709956709
-0.27291666666666664
0.1885227272727273
0.2545454545454545
-0.11249999999999996
0.23765151515151517
0.13639118457300275
0.21363636363636362
0.07291666666666669
-0.48
-0.09861111111111112
-0.046249999999999986
0.43333333333333335
-0.4166666666666667
-0.03863782051282051
0.1106308621933622
0.17148148148148146
-0.06666666666666665
-0.0770707070707071
0.07822916666666668
0.09047619047619047
0.0834573002754821
0.30625
0.246875
0.05925925925925926
-0.10909090909090909
-0.3508928571428571
0.15000000000000002
-0.25555555555555554
0.04277777777777777
0.32976190476190476
0.2169444444444445
0.24428571428571427
0.03737373737373738
0.0023929773929773964
0.17186813186813188
-0.08990022675736961
-0.25506172839506175
0.06258169934640521
-0.38125
0.6104166666666667
0.5380952380952381
0.5016666666666666
0.37202380952380953
-0.29999999999999993
-0.0026636904761904723
0.14240362811791382
0.0023809523809523803
0.0
0.2745238095238095
-0.1
0.36784511784511786
0.2340909090909091
0.11197916666666667
0.3614285714285715
-0.1277777777777778
0.171875
-0.0656565656565656
0.06000000000000001
0.009212239583333337
0.10357142857142856
0.22447916666666673
0.00833333333333334
0.2138095238095238
-0.13055555555555556
-0.04973544973544972
0.3057239057239058
0.0888888888888889
0.206700937950938
0.2602891156462585
-0.39999999999999997
0.07857142857142858
0.3325757575757576
0.08939393939393941
0.16145833333333334
-0.024479166666666663
0.15267857142857144
0.020238095238095232
0.08928571428571429
0.13333333333333333
0.07500000000000002
-0.0034090909090909245
-0.2758838383838384
0.041666666666666664
-0.0833531746031746
0.24375
0.3019047619047619
-0.21357142857142858
0.15802005012531328
0.04513888888888889
0.2016544117647059
0.17234126984126982
0.049999999999999996
0.24621212121212122
-0.125
0.1439457601222307
0.9255208333333332
0.08750000000000001
0.2956709956709957
0.2549762737262737
0.4
-0.5071428571428571
0.65
0.4347619047619048
0.4608796296296296
0.6166666666666666
0.23642857142857143
0.39166666666666666
0.15595238095238093
0.037500000000000006
0.4718518518518519
-0.050833333333333314
0.25
0.15178571428571427
0.11711309523809525
0.06388888888888888
0.07476325757575757
-0.3666666666666667
0.3721946022727272
-0.050534511784511814
-0.7666666666666666
0.20808913308913307
0.5499999999999999
0.13949864498644984
0.0625
0.28
-0.04285714285714285
0.01944444444444443
0.15833333333333333
0.15494949494949498
0.0336734693877551
-0.9750000000000001
0.6366666666666666
-0.11928571428571429
0.22395833333333331
0.3268601190476191
0.07533008658008658
-0.0462962962962963
0.16666666666666666
0.15393939393939393
0.4138888888888889
0.3292217813051146
0.23614583333333336
0.2663888888888889
0.13645833333333335
0.19621913580246914
0.43472222222222223
0.22999999999999998
-0.23000000000000004
-0.0888888888888889
-0.16928571428571432
-0.10409090909090911
-0.18149122807017543
-0.07243589743589746
0.37069841269841264
0.36322278911564626
-0.027422138047138032
0.254004329004329
-0.29375
0.08263888888888889
-0.25
0.07916666666666666
-0.062037037037037036
0.32
0.2073051948051948
0.23971861471861475
0.11846153846153848
0.1329813664596273
-0.03541666666666667
0.13899999999999998
0.03492857142857144
0.6108333333333335
0.0523358585858586
0.28125
0.5666666666666667
0.11212121212121211
0.44687499999999997
0.203989898989899
0.15833333333333335
0.25625
0.8
-0.041249999999999995
0.34861111111111115
-0.1704861111111111
0.07583705357142859
-0.06068783068783069
0.22017045454545456
0.04017094017094018
-0.033008658008658
0.006628787878787887
0.3277777777777778
0.12766233766233767
0.22608005275974022
0.16333333333333333
0.5583333333333333
-0.14875000000000002
0.31999999999999995
0.21813151041666667
0.39166666666666666
0.48565476190476187
0.12874999999999998
0.10208333333333336
0.18120552112029387
0.28703703703703703
0.23008910533910534
-0.06666666666666665
-0.20326704545454544
0.16194295900178254
0.15625
0.17712121212121212
0.16458333333333333
0.31705387205387203
0.2375
0.2069727891156463
0.17976190476190476
0.05833333333333333
-0.009114583333333334
0.4222619047619047
-0.23333333333333328
-0.2167157974300831
-0.1277083333333333
0.1989795918367347
-0.007575757575757572
0.43571428571428567
0.049999999999999996
0.5875
0.25233766233766236
0.13333333333333333
0.39999999999999997
0.1013888888888889
0.039610389610389624
0.15238095238095237
-0.3666666666666667
0.15208333333333335
0.15008061383061377
0.12543290043290042
0.2942857142857143
0.4381377551020408
0.10696969696969698
0.25972222222222224
0.3229395604395604
0.1322916666666667
0.2826923076923077
0.40333333333333343
-0.030246913580246906
0.0642857142857143
0.2816666666666667
-0.012840136054421762
0.24275297619047617
0.17333333333333337
0.2715151515151515
0.5416666666666666
0.4231904761904762
0.16743421052631582
0.029166666666666657
0.30435606060606063
0.0031726354453627107
-0.58125
0.18614882592155316
0.3009090909090909
0.3252083333333333
0.04405062530062531
0.35333333333333333
0.1453125
0.2625
0.292929292929293
0.25
0.06666666666666665
0.2666666666666667
0.0
0.0887037037037037
-0.125
0.12833333333333335
0.5033333333333334
0.5083333333333333
0.12714285714285714
0.39035714285714285
0.038541666666666675
0.08694083694083693
-0.2071428571428571
0.15929705215419504
0.2819607843137255
0.04123931623931626
0.15999999999999998
0.2138227513227513
0.13000000000000003
-0.328
0.4730555555555556
0.35555555555555557
0.4977777777777777
0.15669642857142857
0.19276785714285713
-0.08409090909090909
0.18120370370370373
0.10511904761904761
-0.25
0.29117965367965365
-0.053067580567580576
0.12757696007696007
0.21757812500000004
0.7666666666666666
0.05970394736842105
0.42023809523809524
0.2722222222222222
-0.08302010489510492
-0.2333333333333333
-0.14870370370370367
0.01091269841269841
0.17708333333333331
0.25875
0.09833333333333334
-0.06393977146884121
0.1612179487179487
-0.042857142857142864
-0.1315210932857992
-0.15
0.5238888888888888
0.20409504710975301
0.010000000000000009
0.5
0.022727272727272724
0.2571428571428572
0.13916666666666666
0.2564520202020202
-0.14595959595959596
0.3258741258741259
0.042460317460317455
0.22214285714285711
0.20325036075036074
0.08928571428571427
-0.1716880580357143
-0.009902597402597404
0.15396300747863248
-0.0335978835978836
0.03807649000830817
0.24999999999999997
0.03484848484848485
-0.29000000000000004
0.2377705627705628
0.1433838383838384
-0.057970280310705856
0.14761904761904762
0.029901960784313723
-0.5
0.2333333333333333
0.27890625
0.02026515151515151
0.03928571428571429
0.11666666666666668
-0.21111111111111103
-0.21111111111111103
0.1796103896103896
-0.018181818181818177
0.04361111111111112
0.27129629629629626
0.22833333333333333
-0.5708333333333332
-0.21111111111111103
-0.15625
0.33510101010101007
0.375487012987013
-0.21111111111111103
0.11625787091696184
-0.15
-0.06262626262626263
0.02857142857142857
0.035551948051948064
0.20000000000000004
-0.04637445887445888
0.012152777777777781
-0.2
0.4074074074074074
0.20151515151515148
0.2891666666666666
0.24513888888888888
-0.018707482993197293
-0.044444444444444446
0.25200757575757576
0.07666666666666666
0.3325757575757576
0.4000000000000001
0.0206439393939394
0.05777777777777776
0.3822089947089947
0.0875
0.13823260073260074
0.16875
0.12143630179344465
0.14883870214752568
0.10769230769230768
0.3666666666666667
0.2571428571428571
0.2141233766233766
0.17142857142857143
0.16666666666666666
-0.2
-0.18571428571428572
0.11635416666666668
0.135
0.06571428571428571
0.20914682539682541
0.28402777777777777
0.29055555555555557
0.19310344827586207
-0.20833333333333331
0.18409090909090908
-0.0375
0.02777777777777778
0.04642857142857143
0.25
0.18928571428571428
0.11666666666666665
-0.1625
0.3230814639905549
0.24553571428571425
0.12000000000000004
0.19336734693877553
0.3173160173160174
0.2953703703703704
0.30999999999999994
-0.053571428571428575
0.031481481481481464
0.45751082251082253
0.257967032967033
0.02324561403508772
-0.011607142857142856
0.23333333333333334
0.16785714285714284
-0.036224489795918365
0.19550471230158728
0.2210648148148148
0.08341972355130249
0.26295986622073575
0.24021739130434788
-0.12210884353741494
-0.08663194444444446
0.05
-0.02291666666666667
0.148828125
0.49393939393939396
-0.21428571428571427
0.18229166666666666
0.22592592592592592
0.010303030303030314
0.12235930735930736
0.12886904761904763
0.2603030303030303
0.14604978354978354
0.15555555555555559
0.27220052083333335
0.03933150183150184
0.19665178571428574
-0.036904761904761905
0.15907738095238094
0.18166666666666667
0.4606060606060607
0.20433333333333334
-0.1601190476190476
-0.2648989898989899
0.0653968253968254
0.12734593837535016
-0.12261904761904761
0.013888888888888895
-0.26138888888888895
0.2208333333333333
0.40166666666666667
0.298974358974359
-0.4166666666666667
0.2935185185185185
0.2034722222222222
0.23533333333333334
0.10626984126984126
0.09446386946386948
-0.09147630147630151
0.04778693528693527
0.061250000000000006
0.2185185185185185
0.09385964912280702
-6.938893903907228e-18
0.256712962962963
-0.01813725490196079
0.5238095238095238
0.11046365914786968
0.175
0.08178571428571428
0.1736008039579468
0.36333333333333334
0.32708333333333334
0.15864583333333332
0.09166666666666666
0.09901960784313726
0.25
0.18337053571428572
0.16386160714285716
0.41379024621212124
0.1713541666666667
0.225
0.05734126984126984
0.0941287878787879
0.24833333333333335
0.1476817042606516
0.08928571428571429
0.36833333333333335
0.40499999999999997
-0.37083333333333335
-0.1380952380952381
-0.0480952380952381
0.15208333333333332
0.45000000000000007
0.0072916666666666685
0.13118386243386243
0.18888888888888888
0.28892045454545456
-0.041666666666666664
0.07619047619047617
0.23174603174603173
0.2768939393939394
-0.0063779239766081925
-0.14125000000000001
-0.3
-0.5875
0.458974358974359
0.08506944444444443
0.1288888888888889
-0.057499999999999996
0.31497668997669
-0.21060606060606063
0.22692307692307695
0.042187499999999996
0.1875
0.2475757575757576
-0.125
-0.5351562499999999
0.24166666666666667
0.12738095238095237
0.22993650793650788
-0.20124999999999998
0.4519230769230769
0.15555555555555556
0.05965041248060116
-0.07857142857142858
0.09464285714285715
0.1967687074829932
0.08454861111111113
-0.03293650793650794
0.2
0.16354166666666667
0.375
0.2272135416666667
0.33375
0.3225
0.1130952380952381
-0.08333333333333333
0.14375000000000002
0.09563492063492063
0.3666666666666667
-0.011111111111111127
0.12791666666666665
0.37033333333333335
0.2401515151515152
0.075
0.08083333333333333
0.10361111111111111
0.2734375
0.15654761904761902
-0.3999999999999999
-0.04
-0.146875
0.08166666666666667
-0.09523809523809522
0.11904761904761905
0.12555555555555556
0.2666666666666666
0.45
0.24125000000000002
-0.09583333333333333
0.525
0.16875
0.4381060606060606
0.3888888888888889
-0.6999999999999998
0.21990740740740738
0.12359693877551022
0.12166666666666667
-0.08076923076923076
-0.04666666666666666
-0.01728650137741047
0.019444444444444448
0.12
0.39166666666666666
0.5
0.5791666666666667
0.3520833333333333
0.19102891156462581
0.35791666666666666
0.04583333333333333
0.175
0.6101851851851853
0.21083333333333334
-0.04
-0.039999999999999966
0.4770833333333333
0.06274196817675079
0.1274170274170274
0.2325892857142857
0.302
0.39930555555555547
0.06426991341991341
0.24463355654761906
-0.02841017316017317
-0.2833333333333333
0.11999007936507937
0.23020833333333332
-0.06666666666666667
0.05048076923076923
0.43333333333333335
-0.18333333333333335
0.32314814814814813
-0.03531746031746029
0.675
-0.14351851851851852
0.062280701754385964
-0.07499999999999998
0.2357142857142857
0.2144074675324675
0.1357142857142857
0.0578125
0.03681972789115646
-0.01794871794871794
0.11656746031746035
0.1680787037037037
0.04333333333333334
0.2622790404040403
0.4166666666666667
0.2754166666666667
0.0
0.3196428571428571
0.07285714285714286
0.2069551282051282
-0.26249999999999996
0.14074074074074072
0.21428571428571427
0.3287037037037037
0.37916666666666665
0.06790123456790124
-0.05308641975308643
0.12430555555555556
0.23281250000000003
0.25372474747474744
0.22999999999999998
0.19121212121212122
0.2366895604395605
0.21666666666666667
0.17633053221288514
0.06388888888888891
0.08020833333333335
0.5020833333333333
0.21833333333333335
0.368125
0.2606177156177157
-0.1543650793650794
0.39242424242424245
0.3429166666666667
0.12045454545454545
-0.36
0.22765151515151516
0.2875
0.5633333333333334
0.5854166666666667
0.3083333333333334
0.05576923076923078
0.4481481481481482
0.11022727272727272
0.6666666666666666
0.3956060606060606
0.645
0.03333333333333334
0.17272727272727273
-0.19696969696969696
0.25
0.25416666666666665
-0.1215811965811966
-0.10277777777777779
0.08541666666666667
0.16369047619047622
0.5433333333333333
-0.013750000000000012
0.06727272727272723
0.12286849329532257
0.22037037037037038
0.5520833333333333
0.0134920634920635
0.004722222222222225
0.05357142857142858
0.15656565656565655
0.25416666666666665
0.03055555555555553
-0.10083333333333332
0.028030303030303034
0.2594135802469136
0.2938095238095238
0.38106060606060604
-0.06488095238095237
0.0207217261904762
0.04591666666666666
-0.08095238095238098
-0.05202020202020203
0.36876033057851243
0.19444444444444442
0.2916666666666667
0.3979591836734694
0.20833333333333334
0.21666666666666667
0.3073015873015873
0.27244708994708994
0.075
-0.10500000000000001
0.07333333333333333
-0.007579365079365061
0.18232323232323233
-0.65
0.08113636363636363
-0.14814814814814814
0.30988005050505046
0.45999999999999996
-0.06666666666666667
-0.22465277777777776
0.039999999999999994
0.15845238095238104
0.18237145895040632
0.16785714285714284
0.10727272727272727
0.03784722222222221
0.0640625
0.12663043478260871
0.09206349206349208
0.06994047619047618
0.1306547619047619
-0.043518518518518526
0.22497916666666667
0.14375000000000002
0.3020833333333333
-0.03541666666666665
0.17001763668430334
0.039761904761904755
0.2125
0.4
-0.102744708994709
0.01170634920634921
0.35020833333333334
-0.029999999999999992
-0.016666666666666663
0.18331473214285715
0.1338235294117647
0.4869791666666667
-0.06
0.3697843822843823
0.25245098039215685
-0.01931818181818181
0.17866666666666664
0.14924242424242423
0.1488888888888889
0.36909090909090914
0.45343822843822834
-0.0846590909090909
-0.08333333333333334
0.18235294117647055
0.27712585034013604
0.38846153846153847
0.13636363636363635
0.18200000000000002
0.21613636363636363
-0.049999999999999996
0.23611111111111113
0.09270833333333335
0.22196969696969698
-0.004166666666666662
0.20833333333333331
0.19999999999999998
0.03819444444444444
-0.15416666666666667
0.0
-0.35
-0.054579991087344036
0.325
0.14944444444444444
0.17079081632653062
0.2707239057239057
0.1840277777777778
0.33095238095238094
0.050578703703703716
-0.09791666666666667
-0.010119047619047628
-0.32000000000000006
0.5597222222222222
-0.033999999999999996
0.11274553571428574
0.05357142857142857
0.1
0.1447811447811448
0.35333333333333333
0.08431372549019607
0.4055555555555556
0.1716666666666667
-0.17031249999999998
0.04062500000000001
-0.036363636363636355
0.42361111111111116
0.3875
0.09995421245421245
0.23055555555555554
-0.07062650312650313
-1.0
0.07867063492063492
0.15813492063492066
-0.65
0.23592436974789918
-0.3499999999999999
0.27777777777777773
0.015277777777777765
0.07999999999999999
0.15768217893217892
0.64375
0.028968253968253962
0.1649350649350649
0.315
0.325
-0.022943722943722968
0.28714285714285714
0.06378205128205128
0.210122230710466
0.08647959183673472
0.5111111111111111
0.17993197278911563
-0.158974358974359
0.06666666666666667
0.23213369963369962
-0.0544642857142857
0.18321886446886448
0.32142857142857145
0.15606060606060604
0.1395124716553288
0.025
0.075
0.55
0.3611111111111111
0.30565476190476193
0.6
-0.018081918081918082
0.1872979797979798
0.26458333333333334
0.2791666666666667
0.513888888888889
0.09
0.3725
0.18333333333333335
-0.1847470238095238
-0.0039047619047618775
0.41875
-0.028728070175438592
0.16155788655788655
0.1175925925925926
0.05
0.1857142857142857
0.14924242424242423
0.17921852453102452
0.13055555555555556
0.5333333333333333
-1.0
0.025
0.26666666666666666
-0.2455185299827939
0.06444515306122452
0.24026725589225592
0.03634259259259259
-0.037500000000000006
0.3333333333333333
0.125
-0.10151515151515152
0.3491071428571429
0.6333333333333334
0.010000000000000009
0.51015625
0.16559523809523813
0.36103515625
-0.25
0.2
0.11751322751322751
0.22176870748299318
-0.8
0.5516666666666666
0.20567099567099564
0.30023310023310024
0.181525974025974
-0.28375
0.19177353896103894
-0.040931372549019594
0.075
-0.19999999999999998
0.2932692307692308
0.41111111111111115
0.2575
0.23333333333333334
0.44940476190476186
0.11333333333333333
0.03752837326607819
0.2681111111111111
0.0
0.10459956709956708
0.26765873015873015
0.0901298701298701
0.11212121212121212
0.45555555555555555
0.038095238095238106
0.10476190476190475
0.3111111111111111
0.26666666666666666
0.23782738095238096
0.0
0.01609848484848485
-0.033333333333333326
0.16666666666666666
0.06527777777777778
-0.10357142857142855
-0.019080687830687827
0.22891349721706863
0.10109375
0.2845238095238095
0.07842261904761905
0.36818181818181817
0.1614285714285714
-0.017672438672438683
-0.22916666666666666
0.5
0.01944444444444444
0.017380952380952393
0.24375
0.3147817460317461
-0.07285894660894662
0.22896464646464643
0.020092093441150052
0.21583333333333332
0.2078125
0.415
0.02083333333333333
0.4530423280423281
0.17381628787878786
0.4666666666666666
0.375
0.05258264462809917
-0.060449735449735434
0.64
0.20154166666666667
0.23030303030303034
-0.55
0.4261904761904762
0.12225314368171511
0.1836666666666667
0.08384881422924902
0.1524075421704732
0.10427272727272727
0.39
0.21736111111111112
-0.010515873015873018
-0.22857142857142856
0.037500000000000006
0.20146520146520147
0.12500000000000003
-0.04025974025974025
-0.0012820512820512903
0.5
0.3789772727272727
0.24797409579667645
0.029464285714285714
0.2378757816257816
0.3732142857142857
0.25
0.27152133580705007
-0.01826923076923078
0.1572420634920635
0.46328125
-0.49583333333333335
0.1883116883116883
0.4229166666666666
0.35833333333333334
0.1375
0.0369047619047619
0.44333333333333336
-0.004683507549361215
0.4
0.07798089591567851
0.2875
0.14188034188034188
0.14381555944055943
0.08571428571428573
0.49909090909090914
0.0952857142857143
0.15701058201058202
0.11369539551357732
-0.075
-0.1875
0.308452380952381
0.1589732142857143
0.4988095238095238
0.25735294117647056
-0.09027777777777779
0.18333333333333335
0.05068813131313133
0.177962962962963
0.09999999999999998
0.4
0.4135416666666667
0.02727272727272727
0.31666666666666665
0.43472222222222223
0.13113839285714285
0.34226190476190477
-0.01145833333333333
0.413467261904762
-0.009999999999999998
0.41111111111111115
0.14464285714285716
0.33125
0.10318681318681319
0.21862745098039216
0.25777417027417027
0.18333333333333335
0.18333333333333332
-0.006944444444444438
0.2996031746031746
0.30853174603174605
0.12693129520052596
-0.19568888888888888
0.14828431372549017
0.0
0.38303571428571426
0.18333333333333335
0.29575892857142855
0.19479166666666667
0.6
0.2532142857142857
0.09560606060606061
0.04191176470588237
0.8
0.2156818181818182
0.07333333333333333
0.2351502664002664
0.24305555555555555
0.3392857142857143
0.44000000000000006
0.0
0.3085185185185186
0.35238095238095235
-0.005303030303030302
0.09841269841269842
0.5672727272727273
0.11851851851851852
0.23750000000000002
0.5955555555555556
0.11528679653679653
-0.18333333333333335
0.325
0.305
0.0889339826839827
0.09583825265643447
0.11465419501133788
0.09673202614379084
0.13883928571428572
0.11685354374307863
0.04545454545454545
-0.16666666666666666
0.10312499999999997
-0.08333333333333333
0.3585185185185185
0.2464285714285714
0.13503086419753085
0.352
-0.02499999999999994
0.1645408163265306
0.009999999999999998
0.7
0.22474747474747475
0.18178726035868892
0.1475279106858054
0.3965861344537815
0.20691964285714284
0.04478114478114478
-0.027272727272727258
0.16350446428571427
0.2714285714285714
0.32499999999999996
0.2522354497354497
-0.13515624999999998
0.30833333333333335
0.15
-0.20277777777777775
0.27072463768115934
0.2174561403508772
0.041071428571428606
0.25999999999999995
0.4056122448979592
0.678095238095238
0.1250757575757576
0.22072829131652658
0.1924382716049383
0.6015625
0.16249999999999998
-0.3666666666666667
0.10467664930555556
0.287445068359375
-0.04642857142857142
0.008035714285714285
0.3333333333333333
0.0
0.1755952380952381
0.01250000000000003
0.19102564102564104
0.3055555555555556
0.17857142857142858
0.31319444444444444
-0.09375
0.41960784313725485
0.6333333333333333
0.21319865319865322
0.2220952380952381
0.45323529411764707
0.23479532163742692
0.06268518518518519
0.12535594035594033
0.31666666666666665
0.07551020408163266
0.41452380952380957
0.5275
-0.07083333333333333
0.09333333333333335
0.024545454545454544
-0.05
0.06083333333333333
0.11925287356321844
0.15555555555555553
-0.01875
0.10595213498622588
-0.15000000000000002
-0.20875
0.2513888888888889
0.4652083333333333
0.075
0.195
-0.024999999999999994
-0.044999999999999984
-0.525
-0.11450320512820511
0.4078125
0.44166666666666665
0.17857142857142858
0.40875000000000006
0.23507326007326007
0.057133838383838384
0.14851398601398602
-0.12285714285714286
0.225
0.19666666666666666
-0.48888888888888893
-0.06944444444444443
0.24848484848484848
0.375
0.3841666666666667
0.16571428571428573
0.2541666666666667
0.0
0.04938271604938273
0.5
-0.06000000000000001
0.11101190476190477
-0.023412698412698423
0.20537037037037037
-0.2
0.5428385416666667
0.12222222222222223
0.030000000000000006
0.0
0.17
0.09761919191919192
0.4916666666666667
0.0
-0.021527777777777757
0.22791666666666668
-0.003527462121212105
-0.008214285714285716
-0.13833333333333328
0.17445326278659612
-0.021624136097820296
0.3193877551020408
0.060668498168498175
0.4203125
0.5234375
0.1275
0.19090909090909092
-0.03205555555555555
0.23685185185185187
0.2871212121212121
-0.06153846153846155
-0.004421768707482994
0.05000000000000001
0.45555555555555555
0.24383116883116884
0.23906249999999998
0.0069444444444444475
-0.05245098039215687
-0.02291666666666667
0.2388655462184874
0.06874999999999999
0.16441043083900225
0.11457142857142857
-0.20833333333333331
0.011111111111111108
0.22261904761904766
0.23474025974025972
0.008552631578947378
-0.02416666666666667
-0.07208333333333332
0.7
0.1549851190476191
-0.10491071428571427
0.18809523809523812
-0.175
0.1009672619047619
-0.018749999999999982
-0.0142857142857143
0.05063543599257885
0.10787843592721644
0.02
0.1076388888888889
0.049829365079365105
0.0162689393939394
0.05249999999999999
0.27164902998236334
0.3466666666666667
0.08085768398268399
-0.052564102564102565
0.04651691427259608
0.24333333333333335
-0.36911111111111106
0.14250000000000002
0.14375
0.16666666666666666
0.24676870748299315
0.009301346801346796
0.24569128787878786
0.29196428571428573
-0.3
0.32916666666666666
0.18190922833779977
-0.14816721906565658
0.44000000000000006
-0.10543154761904762
0.39166666666666666
0.36375
0.175
-0.09999999999999999
0.17864262371615314
0.14004402626851606
-0.11052061973114606
0.22499999999999998
0.18774669774669775
0.03749999999999999
0.09715617715617715
-0.3834195963541666
-0.15000000000000002
0.18000000000000002
0.11392857142857139
-0.1
0.061111111111111116
0.14125
0.10363636363636365
0.4391233766233766
0.2757711038961039
-0.0012566137566137417
0.2035714285714286
0.335
0.25357142857142856
0.021428571428571422
0.27499999999999997
0.19280303030303034
-0.26414930555555555
0.3441066509248327
-0.54375
0.04895833333333334
0.02859961219336219
0.12307692307692308
0.3047619047619048
0.4807823129251701
0.4139880952380952
-0.16320360195360198
0.38229166666666664
-0.07115384615384615
0.06083333333333333
0.18888888888888888
0.175
0.06315426997245181
0.01845238095238096
0.09083333333333332
0.18854166666666666
-0.5
0.08223333333333332
0.0
0.07604166666666666
-0.06499999999999999
-0.07142857142857144
0.0537878787878788
0.08031994047619047
0.0025517451298701366
-0.04285714285714286
-0.2916666666666667
0.3446475625823452
0.3178571428571429
-0.06562500000000003
0.0482142857142857
0.15839743589743593
0.43039772727272724
0.24863636363636363
0.37083333333333335
0.4344276094276094
0.033499999999999995
0.21375
-0.04444444444444443
0.1625
-0.10000000000000002
0.5299999999999999
0.20689484126984128
0.17
0.075
0.13307291666666665
-0.009999999999999998
0.20504079254079258
0.0
0.24090909090909093
0.13584656084656085
0.45197916666666665
0.19258658008658008
0.008484848484848482
0.18182539682539683
0.24074074074074078
0.18303571428571427
-0.12749999999999995
0.01833333333333333
-0.03232323232323234
0.13405172413793104
0.3816666666666667
0.028906250000000022
0.15624999999999997
0.2900132275132275
-0.07479166666666667
0.2844387755102041
0.0
0.028571428571428574
-0.25277777777777777
0.09809027777777778
-0.06266233766233766
-0.003977272727272718
0.43499999999999994
0.2
-0.03333333333333335
-0.05986111111111111
0.5
0.1138621794871795
0.152
0.5833333333333333
-0.0875
0.14166666666666666
-0.13999999999999999
0.29702059202059206
0.06632653061224489
0.09027056277056278
-0.25
0.109375
-0.10714285714285714
-0.17976190476190476
0.05350649350649351
0.390625
0.29642857142857143
0.10549019607843135
0.3614583333333333
-0.019696969696969706
0.25333333333333335
-0.12187500000000001
-0.22144097222222223
0.26212121212121214
0.4375
0.40750000000000003
0.4
0.28070454545454543
0.08065476190476192
0.13911904761904764
0.3648148148148148
-0.1979938271604938
0.23531746031746037
0.26624922696351266
0.12475490196078433
0.3875
0.15104166666666666
0.25833333333333336
-0.045394736842105265
-0.07755102040816328
-0.035876623376623354
-0.21071428571428572
0.02409090909090908
0.0625
0.07857142857142856
0.111969696969697
-0.16666666666666666
0.3178571428571428
0.10887723387723386
0.1054077540106952
-0.08446969696969697
-0.08888888888888885
0.4333333333333333
0.35000000000000003
0.3125
0.12000000000000001
-0.013888888888888886
0.2833333333333333
0.12757936507936507
0.2
0.11888528138528141
0.13636363636363635
-0.07375
0.16999999999999998
0.23333333333333334
-0.24285714285714288
0.0072916666666666685
-0.11896484374999998
0.13541666666666666
-0.15000000000000002
0.35624999999999996
0.11809764309764309
0.07623456790123455
0.09409722222222223
-0.14310546875
-0.11555555555555556
0.08515151515151517
0.021875000000000016
0.5166666666666667
0.09432539682539681
0.4170068027210885
0.21434676434676433
0.19727272727272727
0.325
0.4765838068181818
0.132
0.78
0.022222222222222216
0.059386973180076644
-0.08750000000000002
-0.08596491228070176
0.1450760582010582
0.24166666666666667
0.2500125313283208
0.26613636363636356
0.005555555555555573
0.26499999999999996
0.18385416666666668
0.0814153439153439
-0.03015873015873017
0.5416666666666666
0.2
0.27361111111111114
0.241875
-0.17125
0.3642857142857143
0.3576802248677248
0.10520833333333332
0.2833333333333333
0.06500000000000002
0.1
0.3875
0.45999999999999996
-0.014873222016079157
0.5
0.05765306122448981
-0.024999999999999998
0.2511904761904762
-0.13472222222222222
0.024999999999999977
0.040094866071428564
0.25949675324675325
0.6504166666666666
0.34652777777777777
0.28946969696969693
-0.06301476301476301
0.14166666666666666
0.2857142857142857
0.31465277777777784
0.18333333333333335
0.38888888888888895
0.09653846153846155
0.07832539682539681
0.6247727272727273
0.12105379188712523
0.12571428571428572
0.17023626373626374
0.2159090909090909
-0.030000000000000006
-0.11196581196581197
0.002777777777777768
0.05897435897435897
0.48750000000000004
0.2975437605872388
-0.10113636363636364
0.271437969924812
-0.027037037037037043
0.4229166666666667
0.6708333333333333
0.20583333333333337
0.5808333333333333
0.10000000000000002
0.3217592592592593
0.027540180126387023
0.0815359477124183
0.14598765432098765
0.26857142857142857
0.29345238095238096
0.09444444444444443
0.24935064935064935
0.5
0.23132653061224492
0.13680555555555554
0.30694444444444446
0.21825396825396826
0.132859477124183
0.07333333333333335
0.3805555555555556
-0.033333333333333326
0.29058441558441556
0.10186237373737371
0.25833333333333336
0.005723905723905724
-0.075
-0.024230769230769236
0.14212962962962963
0.07510185892538834
0.5166666666666667
-0.12142857142857144
0.35
-0.010347222222222237
-0.05029761904761903
0.2928571428571428
0.24818181818181817
0.036805555555555564
0.12654761904761905
-0.08395061728395062
0.2705952380952381
0.29
0.07958333333333331
-0.12224747474747476
0.5
-0.05
0.5125
0.13992673992673993
0.2304421768707483
0.14791666666666667
0.34603535353535353
0.032528409090909094
0.11750000000000001
0.12083333333333335
0.2
0.5555555555555556
0.18700345849802374
0.11904761904761904
-0.061197916666666685
0.2567460317460317
0.36
0.44338888888888894
0.010528273809523814
0.404724025974026
-0.325
0.07222222222222223
0.06692956349206348
0.3416666666666667
-0.028596938775510207
-0.03208333333333332
0.16694711538461537
0.6
0.20833333333333334
-0.036475869809203136
0.4942307692307692
0.4559109933035714
0.2290151515151516
-0.06041666666666665
0.16666666666666666
0.4345238095238096
0.4712962962962963
0.23287037037037037
0.28733766233766234
0.586111111111111
0.3512820512820513
0.17801889866405995
0.3146694214876033
0.44100378787878786
0.32999999999999996
0.3285714285714286
0.1291885198135198
0.2772727272727272
-0.022534013605442178
0.2828125
0.4666666666666667
0.08464285714285714
0.4748095238095238
0.16874999999999998
0.4625
0.41428571428571426
0.021019721019721032
-0.08530092592592593
-0.05343915343915343
0.2892857142857143
0.21816239316239322
0.005815508021390379
0.21609062980030716
0.09166666666666666
0.04241491267353337
-0.25769230769230766
0.06696428571428574
0.023809523809523808
0.31666666666666665
0.11872427983539094
0.5625
0.14444444444444446
0.27057851239669417
0.023653198653198648
0.23295643939393937
-0.2
0.8125
0.3583333333333334
-0.325
0.7666666666666666
0.06822916666666667
0.21666666666666667
0.1326923076923077
0.12130832130832131
1.0
-0.15
0.0
0.1674679487179487
0.1532894736842105
0.14098072562358274
0.45833333333333337
0.04663299663299663
0.44722222222222224
0.2666666666666667
0.09469135802469136
-0.013333333333333341
0.012540792540792538
-0.5333333333333334
-0.20375000000000001
0.16642857142857143
0.428125
0.2571428571428572
0.19047619047619047
-0.04999999999999998
-0.006074481074481089
0.08333333333333334
0.47575757575757577
0.0
-0.012500000000000002
0.05357142857142857
-0.2416666666666666
-0.04999999999999999
0.328125
0.25040509259259264
-0.18333333333333332
0.19791666666666666
0.11388888888888887
-0.014444444444444454
0.029851190476190493
0.21875
0.1632080078125
0.2888888888888889
0.08011363636363635
0.20807005494505493
0.263235294117647
-0.0857843137254902
-0.10231481481481482
-0.4
0.125
0.3455555555555556
0.373051948051948
0.0
0.55625
0.1125
0.0805952380952381
0.09262708445400752
-0.05976813590449954
0.27305555555555555
-0.08928571428571429
0.10499906472128695
-0.024648268398268405
0.41977124183006537
-0.030735930735930735
0.26250000000000007
0.0714021164021164
0.2585897435897436
-0.20437500000000003
0.21532738095238094
0.7083333333333334
0.15416666666666667
0.21875000000000003
0.11666666666666665
0.32662337662337665
-0.02638888888888889
0.1968432030932031
0.22488888888888886
0.07777777777777778
0.12638888888888888
0.0
0.014299242424242423
-0.43333333333333335
0.3076548089591568
0.45192307692307687
0.4291666666666667
0.24000000000000002
0.328030303030303
-0.18996342737722047
0.32708333333333334
0.3003858024691358
0.4053977272727273
0.41693121693121693
0.5236111111111111
0.31875
-0.22916666666666666
0.00901360544217687
0.4
0.07575757575757577
0.32499999999999996
0.04722222222222222
0.04183529648645927
0.37142857142857144
0.09814814814814815
0.4115740740740741
0.4842857142857143
0.09916666666666667
0.18333333333333332
0.06976190476190477
0.17321428571428574
0.03846153846153847
0.6375000000000001
0.1111111111111111
0.089983164983165
0.5666666666666668
0.06239669421487603
-0.75
0.3558035714285714
0.21136363636363634
-0.14166666666666666
0.2635687229437229
0.1361519607843137
0.03173076923076923
0.18333333333333332
0.3125
0.024725274725274707
0.3433333333333333
-0.054761904761904755
0.016666666666666666
0.38333333333333336
0.125
0.32916666666666666
0.22182539682539687
-0.04940476190476191
0.3729166666666667
0.25952380952380955
0.04625850340136055
0.36250000000000004
0.34750000000000003
0.19305555555555556
0.14307359307359307
0.4322916666666667
0.24180871212121213
0.2833333333333334
0.08333333333333333
0.3
0.002777777777777777
0.4107142857142857
0.47212499999999996
0.07888257575757578
0.08923611111111111
0.44222222222222224
0.22153846153846157
0.10666666666666669
0.8
0.13194444444444445
0.08177083333333335
0.2089285714285714
-0.09845191040843214
0.028156565656565668
0.10651515151515151
0.13535353535353536
0.2795672635445363
0.403125
0.0581439393939394
-0.020901875901875904
0.5333333333333333
0.04999999999999997
-0.15238095238095237
0.45999999999999996
-0.00022956841138659553
0.17435302734375
-0.58125
-0.04473684210526315
0.02354978354978354
0.2065826330532213
-0.06253422619047619
0.5
0.6095833333333334
0.2318181818181818
-0.08333333333333333
-0.2113508597883598
-0.05333333333333332
0.02619047619047619
0.0013227513227513181
-0.09094967532467532
0.2625
-0.06505411255411254
0.038181818181818185
0.19901515151515156
-0.40476190476190477
0.18727272727272726
0.29393939393939394
0.26071428571428573
0.37333333333333335
0.0
0.1593073593073593
0.03940852043004166
0.2794191919191919
0.2488095238095238
0.2105030721966206
0.12142857142857144
0.2617857142857143
0.29074074074074074
0.265
0.06770833333333334
1.1102230246251566e-17
0.009157509157509154
0.12428571428571429
0.38937499999999997
0.31428571428571433
0.4166666666666667
0.23008333333333333
-0.08373015873015874
-0.15
0.37777777777777777
0.0
0.3333333333333333
-0.25937499999999997
0.2561904761904762
0.08499999999999998
0.0008333333333333193
0.32666666666666666
0.25
-0.6877777777777778
0.08642113095238094
0.24114583333333334
0.25232101232101234
0.2625
0.31188988095238096
0.15
0.08390056022408962
0.05870535714285716
0.1392857142857143
0.20684523809523808
0.105712890625
0.095
-0.062499999999999986
0.25
-0.0003787878787878825
0.375
0.3079545454545455
0.26212121212121214
-0.02864583333333333
0.2851190476190476
0.34062499999999996
0.06458333333333334
0.575
0.5055555555555556
0.0
-0.75
0.15127551020408161
0.041666666666666664
-0.04444444444444443
0.3569493006993007
0.16666666666666666
0.12303921568627452
-0.2125
0.1274621212121212
0.08412698412698412
0.3499999999999999
0.5437500000000001
0.05338827838827838
0.21250000000000002
0.26203703703703707
0.15238275613275615
0.13333333333333333
-0.009583333333333333
-0.18001443001443002
-0.13124999999999998
0.07546296296296297
0.3452380952380952
0.01895833333333334
0.27999999999999997
0.1069047619047619
0.4677083333333334
0.18703703703703703
0.18
-0.01805555555555555
0.3238095238095238
0.19895833333333335
0.19053030303030302
0.13333333333333333
0.27114624505928847
0.1765719696969697
-0.07833333333333332
0.21041666666666664
0.32583333333333336
0.24521212121212121
-0.275
0.3181818181818182
0.49333333333333335
0.39462962962962966
0.4
0.21186868686868687
0.2694805194805195
0.1682539682539683
0.06282051282051282
0.4928571428571428
0.6283333333333334
-0.04444444444444445
0.30281866281866276
0.19166666666666665
0.66875
0.17777777777777778
0.06538461538461543
0.429375
0.26932539682539686
0.29204545454545455
0.3759018759018759
-0.05515873015873013
0.4791666666666667
0.18055023923444977
-0.0021645021645021667
0.17263888888888887
0.26640625
0.13928571428571426
0.375
-0.9921875
0.35
0.16894409937888197
0.27678571428571425
0.10123015873015873
0.2833333333333333
0.2389166666666666
-0.02025462962962964
0.2791666666666667
0.18037280701754385
0.2337386855568674
0.011837121212121167
0.20681818181818182
0.11017316017316016
0.05476190476190477
0.2787878787878788
0.3444444444444444
0.15
0.6333333333333333
0.22252791068580544
-0.2923611111111111
0.08467023172905526
0.18796296296296297
0.10000000000000002
0.28252937538651823
0.016666666666666694
0.028571428571428564
0.35975378787878787
0.008159722222222218
0.5625
0.08696428571428572
0.3026289682539683
-0.38750000000000007
0.35
0.75
0.4466666666666666
0.0
0.25
-0.10285714285714287
0.15998217468805706
-0.15833333333333335
0.2
0.3254433738304706
0.47277777777777774
0.14918536009445105
0.07232843137254902
0.3589285714285714
0.25738636363636364
0.16666666666666666
0.18541666666666667
0.3258441558441558
0.32677083333333334
-0.02250000000000002
-0.026267823513586235
0.24027777777777773
0.22022497704315883
0.006550467076782865
0.2972222222222222
0.38596969696969696
0.25722222222222224
0.09970238095238096
-0.09583333333333334
0.44971479500891265
0.17335246598639456
0.19821428571428573
0.17499072356215212
-0.41763392857142856
0.12211870255348517
0.06666666666666665
-0.001268115942028981
0.02492063492063492
0.3137053571428572
-0.03461538461538462
-0.05092592592592595
-0.275
-0.1583333333333333
-0.025
0.07886904761904762
0.25
0.37213541666666666
0.054166666666666675
-0.17793349631519276
0.3469444444444445
0.31363636363636366
0.3536147186147186
-0.09202602952602952
0.2609375
0.13625
0.33708333333333335
0.09379629629629631
0.21761363636363634
0.2222222222222222
0.15434027777777778
0.19487179487179487
0.28095238095238095
0.3484375
0.2540567327409433
0.19404761904761905
0.1394871794871795
0.04530710835058661
0.45606060606060606
0.23529411764705882
0.24659090909090908
0.2893356643356644
0.18235544217687077
-0.0889285714285714
0.3833333333333333
-0.049999999999999996
0.26666666666666666
0.08819444444444445
0.03933150183150184
0.21484375
0.1726190476190476
0.33508771929824566
0.1954545454545455
0.02074592074592075
0.2592592592592593
-0.3953125
0.2253968253968254
0.025000000000000022
0.18973214285714288
0.16666666666666666
-0.039999999999999945
0.06250000000000001
0.06931818181818182
0.22313725490196082
0.3242063492063492
0.21666666666666665
-0.3
0.26233766233766237
0.09444444444444448
0.1757291666666667
0.4847619047619048
0.2614467075892857
0.3931818181818182
0.15848639455782315
0.13833333333333334
0.11136363636363637
-0.13636363636363635
0.14888888888888893
-0.8499999999999999
0.25
-0.10416666666666667
0.05316091954022988
0.24166666666666667
-0.049999999999999996
0.14166666666666666
0.3958333333333333
0.1642746913580247
0.25365440115440113
0.03441558441558443
0.1416666666666667
0.2194602272727273
0.32666666666666666
0.4773015873015872
0.265
0.10833333333333332
0.06666666666666667
0.31666666666666665
-0.6999999999999998
0.2403061224489796
0.2786458333333333
0.4035714285714285
0.019047619047619063
0.21875
0.25933333333333336
0.16064814814814815
-0.08999999999999998
0.03975155279503107
-0.13099747474747475
0.2733333333333333
0.285
-0.02559523809523809
0.2952083333333333
-0.06500000000000002
0.11666666666666665
0.21805555555555556
0.32916666666666666
-0.24166666666666664
0.39928571428571435
-0.025505050505050506
-0.607763671875
0.2170454545454545
0.10448717948717949
0.08029296875
0.29041666666666666
-0.265625
0.07500000000000001
-0.16428571428571428
0.19833333333333333
0.02623456790123456
0.00014880952380953252
0.1656848912404468
0.0
0.0009523809523809567
-0.041666666666666664
0.3472222222222222
-0.11180555555555555
0.2647727272727273
0.008333333333333335
-0.12222222222222223
0.2569444444444445
0.4511904761904762
0.21666666666666667
-0.16666666666666666
0.24196428571428574
0.14023809523809525
0.13333333333333333
0.02245370370370371
0.3523376623376624
-0.09562169312169314
0.28125
0.1267063492063492
0.2438271604938272
0.0745370370370371
0.14467184601113173
0.05150124289772728
0.07187499999999998
-0.22166666666666668
0.22154017857142858
0.14373563218390806
0.04038461538461538
0.08737373737373737
0.10925925925925926
0.3154761904761905
0.16857142857142857
0.49603174603174605
0.07911255411255412
0.37692307692307697
0.145
0.02743055555555555
0.5333333333333334
0.07619047619047618
0.23866666666666664
0.07096273291925463
0.0
0.12785087719298247
0.12397849462365593
0.012500000000000006
0.14289125016397744
0.25845238095238093
0.03289473684210527
0.2966889880952381
0.11064814814814815
0.5785714285714286
0.2802380952380952
0.18535547785547785
0.3244107744107744
0.023333333333333327
0.22144097222222223
0.30500000000000005
-0.039999999999999966
-0.04386363636363637
0.1666666666666667
-0.24812499999999998
0.07578320802005015
0.043859649122807015
0.1142361111111111
0.08823051948051949
-0.0053888888888888875
0.2482142857142857
0.3277777777777778
0.027280505952380952
0.16606060606060605
-0.03472222222222223
-0.011718750000000005
0.10166202844774273
0.1923581932773109
0.44999999999999996
0.2952380952380952
0.3
-0.10816761363636365
-0.04375
-0.033730158730158735
0.3887254901960784
0.23725490196078425
0.0288510101010101
0.3015151515151515
0.0
-0.09772727272727273
0.21250000000000002
0.07485994397759103
0.42541666666666667
0.007692307692307699
0.0
0.65
0.4375
-0.14583333333333334
0.23389475108225108
-0.11683673469387755
0.00952380952380953
0.016291486291486294
0.13362962962962963
0.13999999999999999
0.11331738437001597
-0.14615384615384616
0.315
-0.1714285714285714
0.015000000000000003
0.14536235369568706
0.12500000000000003
0.4027777777777778
0.14767628205128205
0.007440476190476194
0.04833333333333338
0.1521103896103896
0.16794507575757575
-0.012962962962962942
0.22083333333333335
-0.2
-0.13333333333333333
0.2244444444444445
0.19541666666666666
0.14362745098039215
0.65
0.27189393939393935
0.2776515151515152
-0.1468460648148148
0.35555555555555557
0.2017716680482638
0.22604166666666667
0.053125000000000006
0.12500000000000003
-0.0640646701388889
0.9
-0.028750000000000005
0.6
0.04924242424242423
0.08124999999999999
0.2711111111111111
0.1892261904761905
0.19999999999999998
0.10166666666666667
-0.27999999999999997
0.26760942760942763
0.178125
0.3426178451178451
0.0
0.18452380952380953
0.3215344438170525
0.41111111111111115
0.25994318181818177
0.35
0.3124936868686869
-0.1729166666666667
0.2838541666666667
0.17142857142857146
0.40833333333333327
0.14722222222222225
-0.07857142857142858
0.34861111111111115
0.38508522727272726
0.06655844155844155
0.03177083333333333
0.38333333333333336
0.18757440476190473
0.17010582010582012
-0.0448051948051948
0.38625
-0.16391941391941392
0.03583333333333332
-0.31666666666666665
0.32583333333333336
-0.25
0.25555555555555554
0.24612878787878784
0.19135802469135807
0.19722005208333332
0.34
-0.03787878787878789
0.05946969696969699
-0.011848958333333305
-0.024534756431308157
0.11446969696969697
0.16818181818181818
0.008333333333333323
0.3415343915343915
0.07760416666666667
-0.17142857142857143
0.13482142857142856
0.10944444444444446
0.0625
0.008251231527093597
0.13614528746107693
0.5079545454545454
0.06785714285714285
0.2991477272727273
0.6438920454545455
-0.09916666666666668
0.25833333333333336
-0.21
0.2852225378787879
0.25729166666666664
-0.09591503267973855
0.007407407407407406
0.20373015873015873
0.36666666666666664
0.6095238095238095
0.1193877551020408
0.23720238095238097
-0.07200520833333335
0.1675925925925926
-0.006249999999999992
-0.4375
-0.04108319217014869
0.2940359477124183
0.02857142857142858
0.01011904761904762
0.5
-0.3
0.4213383838383838
-0.025541125541125555
-0.1982142857142857
-0.07824675324675326
0.3253086419753087
0.0625
0.14560606060606063
0.2355681818181818
0.016125541125541158
-0.02746598639455782
0.045055770055770064
-0.08241758241758242
0.002777777777777768
0.1085016835016835
0.38055555555555554
0.0288510101010101
-0.55
0.25
0.2060515873015873
0.24444444444444446
0.0888392857142857
-0.008950617283950626
0.12999999999999998
0.1777777777777778
-0.23136363636363635
0.3931818181818182
0.4009259259259259
0.35000000000000003
0.10936507936507937
0.01723484848484848
0.3416666666666666
0.1842948717948718
0.26666666666666666
-0.13838383838383836
0.14484126984126985
-0.003243021346469622
0.27978132978132975
-0.09305555555555552
0.4258333333333334
0.016666666666666663
-0.07191876750700281
0.2741666666666667
0.08749999999999997
0.016666666666666673
0.12916666666666665
-0.19642857142857142
0.046435920047031155
0.29464285714285715
-0.025694444444444447
0.7708333333333334
0.09652777777777778
0.30494791666666665
0.5111111111111111
0.07605606758832564
0.16875
0.016666666666666663
0.17909226190476193
0.12142857142857143
0.09969264069264071
0.265
0.031453911941716824
0.45909090909090916
0.1420634920634921
-0.3125
0.020864527629233527
0.4
0.1464506172839506
-0.018489583333333302
0.3666666666666667
-0.01616541353383458
0.23207070707070704
0.19931661856661856
0.4708333333333334
0.0321969696969697
0.42708333333333337
0.24768518518518515
-0.7916666666666666
0.11212121212121212
0.24516483516483514
0.1588744588744589
0.7550000000000001
0.24027777777777778
-0.0625
-0.07613636363636363
0.28055555555555556
-0.06628787878787878
-0.0283358134920635
-0.04
-0.15
-0.46388888888888885
0.24444444444444446
0.4096153846153846
-0.27249999999999996
0.4664434523809523
-0.25
-0.3125
-0.025
-0.24895833333333334
0.1909090909090909
-0.002777777777777768
0.09057539682539684
0.26481481481481484
0.07142857142857142
0.31329365079365085
-0.25
0.12681159420289856
0.2958158508158508
0.21921428571428572
0.06733716475095784
0.03573633156966489
0.27787878787878795
0.14918414918414918
0.3874920634920635
0.2916666666666667
0.12571548821548822
-0.013636363636363641
0.30891156462585034
0.08333333333333333
0.06944444444444446
0.4749999999999999
0.014062500000000006
0.4861111111111111
-0.09809987544362546
0.15595238095238098
0.1638888888888889
0.034375
0.15000000000000002
0.04791666666666666
-0.05000000000000001
0.19516666666666665
0.4
0.04489795918367349
0.8
0.49333333333333335
0.03506688506688508
3.700743415417188e-17
-0.09917582417582417
-0.03125
0.1326851851851852
0.010648148148148136
0.0
0.2093137254901961
-0.034285714285714294
-0.31700000000000006
0.4444444444444445
-0.2590909090909091
0.023452380952380947
-0.125
-0.24305555555555555
0.009680134680134686
0.36166666666666664
0.17023809523809524
0.009126984126984119
0.3282738095238095
0.09583333333333337
-0.3235174179077148
-0.11236111111111109
0.1349537037037037
0.14000000000000007
0.4583333333333333
-0.16666666666666666
0.025000000000000005
-0.11011131725417438
0.23333333333333334
-0.075
0.14004629629629628
-0.04181096681096681
0.21410256410256412
0.033838383838383834
0.05028860028860029
0.1559722222222222
0.27
0.30800459956709964
0.4555803571428571
0.5
0.225
0.16064968623108156
0.35327956989247317
0.04464285714285716
-0.20229166666666665
0.2802083333333333
-0.010057471264367816
0.38273809523809527
-0.13333333333333333
-0.11147186147186147
-0.04873737373737372
-0.04609375
-0.07663538284632034
-0.0732456140350877
-0.13358974358974357
0.325
0.44761904761904764
0.11493506493506493
0.05606060606060609
0.09
-0.17285714285714288
0.05416666666666667
-0.04285714285714286
-0.4125
0.125
0.16253787878787876
-0.09545454545454544
-0.0350765306122449
-0.13203030303030303
0.09364896214896215
-0.25
0.16
0.19360606060606061
-0.039000000000000014
0.275
0.29478114478114475
-0.034104938271604913
0.26
-0.013181818181818173
0.15681818181818186
0.3937356760886172
0.06419753086419754
-0.02708333333333332
-0.05535714285714286
0.037632275132275135
0.5
0.21825396825396828
0.00833333333333334
-0.22936507936507938
0.02349032738095238
0.2404320987654321
0.26875
0.14001322751322753
0.23265692640692642
0.26875
0.16497493734335839
-0.0823529411764706
-0.09365079365079368
0.16979166666666667
-0.5416666666666666
-0.20156249999999998
0.05397727272727273
-0.06810966810966812
0.0
0.12936507936507935
0.0033910533910533943
0.12481139872497293
0.24444444444444446
-0.04725274725274726
0.12083333333333333
0.14427083333333332
0.39183333333333337
0.3233333333333333
0.0
-0.13125
0.25011904761904763
0.18915343915343916
0.09294871794871794
0.25
0.0
-0.3847222222222222
-0.10694444444444444
0.18928571428571428
0.55
0.11428571428571431
-0.3
0.25833333333333336
0.26041666666666663
0.14448529411764707
-0.30502645502645503
0.06874999999999999
0.4818253968253969
1.1102230246251566e-17
0.19444444444444445
0.03813186813186815
0.15853571428571428
0.056462585034013614
0.11098648825921553
-0.05
0.19747667147667147
0.2501488095238095
0.1566071428571429
0.29375
0.2
-0.225
0.0
0.11142676767676768
-0.6
0.5555555555555556
0.04375000000000001
0.038095238095238106
-0.20833333333333334
0.1
0.5813802083333333
0.1611111111111111
0.13977272727272727
0.275515518707483
-0.18445767195767196
0.02931818181818182
0.121875
0.3
0.2923611111111111
0.15761141636141632
0.2578733766233766
0.78
0.5277777777777778
0.37303057025279257
0.1635475907534731
0.22728174603174603
0.4121212121212121
0.5
0.17931588613406796
-0.125
0.2569444444444444
0.1405637254901961
0.15423280423280422
0.4090740740740741
0.08287037037037037
0.17853477167993298
-0.3227272727272727
0.021547049441786287
0.3083333333333333
0.05397727272727273
-0.09704846435615667
0.3901515151515152
0.03719806763285023
-0.05000000000000001
0.24821428571428572
0.15277777777777776
0.0
0.19999999999999998
-0.1811918778852983
-0.375
-0.65
0.04447115384615384
0.2722222222222222
0.36626984126984125
0.31527777777777777
0.06079545454545453
0.31727272727272726
-0.2461111111111111
0.07175925925925926
-0.20624999999999996
0.027213868003341683
-0.041666666666666664
0.5564102564102563
0.36250000000000004
-0.16333333333333336
0.5837662337662337
0.471875
0.08155080213903744
0.11607142857142858
0.2555555555555556
0.3333333333333333
0.17083333333333334
0.24285714285714283
0.04206349206349206
0.2651089981447125
0.2909722222222223
0.26875
-0.03272727272727274
0.1052044681508967
0.3727272727272727
0.49166666666666664
0.2605796055796055
0.6279166666666667
0.2483333333333333
-0.0062500000000000056
0.2733333333333333
0.14270833333333333
-0.16111111111111112
-0.5
0.6000000000000001
0.21500000000000002
0.13385416666666666
0.19084249084249086
0.15666666666666668
0.040740740740740744
0.2794444444444445
0.0392063492063492
0.36428571428571427
-0.30918367346938774
0.0
0.45133333333333336
0.27013888888888893
0.3392857142857143
0.43333333333333335
0.39999999999999997
-0.17361111111111108
0.10433288933288935
0.34833333333333333
-0.017857142857142856
0.2603896103896104
0.0
0.19895833333333332
0.39545454545454545
0.00791666666666668
0.0025994047619047576
0.1653061224489796
0.15238095238095237
0.18503401360544217
0.15555555555555556
0.43333333333333335
0.20642361111111107
0.5204166666666666
0.022948554421768696
0.41759259259259257
0.4895238095238096
0.17857142857142855
0.3837926136363636
0.38720238095238096
0.23163780663780667
0.21190476190476187
0.08693783068783072
0.4766666666666667
0.24500000000000002
-0.01255411255411255
0.4194444444444445
0.16822916666666668
0.10040404040404041
0.07678571428571428
0.32700660450660457
0.4699999999999999
0.27999999999999997
0.2647435897435898
-0.07444727891156463
0.0642857142857143
-0.2111111111111111
0.3365079365079365
0.17190934065934066
0.2635416666666667
0.09999999999999999
0.12123015873015874
0.22532467532467534
0.06111111111111113
0.6171875
0.37033333333333335
0.04008838383838382
0.23582589285714284
0.30925925925925923
-0.225
0.440625
0.6166666666666667
0.1377696371610845
-0.034848484848484844
0.15625
0.11428571428571431
0.35330882352941173
0.11071428571428574
0.1953754578754579
0.23055555555555557
0.3592261904761905
0.14184782608695654
0.7704545454545455
0.5666666666666667
0.1
0.012727272727272728
0.22777777777777777
0.30363636363636365
0.05583333333333333
0.33333333333333337
0.2080357142857143
-0.10208333333333336
-0.03293650793650793
0.018910256410256412
0.015192307692307701
0.275
0.07803030303030305
-0.08333333333333333
0.12999999999999998
0.4166666666666667
-0.15625
-0.008484848484848477
0.29261363636363635
0.12511574074074072
-0.18279220779220778
0.16
0.2066666666666667
0.3166666666666667
0.24625
0.05658820346320348
0.4
0.2261904761904762
-0.10444444444444445
0.02271604938271606
0.22803165584415583
0.040555555555555546
0.16363636363636364
-0.06666666666666667
0.2284280303030303
0.017592592592592573
0.07499999999999998
-0.041666666666666664
0.023878205128205137
0.0
0.374025974025974
0.12498306233062327
0.18695652173913044
0.5
0.45937500000000003
0.12574404761904762
0.16999999999999998
-0.005833333333333324
-0.09949494949494947
0.20348124098124096
0.18541666666666665
-0.02499999999999999
0.16666666666666666
0.35582386363636365
0.4458333333333333
0.06521739130434784
0.41874999999999996
0.12569444444444444
-0.018181818181818188
0.1288510101010101
-0.125
0.10410984848484847
-0.05000000000000001
0.3213392857142857
0.05500000000000001
0.12187500000000001
-0.244140625
0.56375
0.13205128205128208
0.25416666666666665
-0.1625
0.5666666666666667
0.19035087719298247
0.171875
0.21640211640211637
0.09154135338345863
0.19999999999999998
0.0571969696969697
0.25760984848484847
0.3041666666666667
-0.30833333333333335
0.06000000000000003
0.2500000000000001
0.23452380952380952
0.275
0.015833333333333324
-0.34198717948717944
0.2130952380952381
0.20954545454545453
0.16812770562770563
0.20166666666666666
0.1
0.4904761904761905
0.3918997668997669
0.2
0.031666666666666676
0.37013888888888896
0.07444444444444445
0.22499999999999998
0.17727272727272728
0.06915584415584415
0.0
0.037500000000000006
0.2373333333333333
0.20697250280583615
0.3633814102564103
0.19454545454545452
-0.05833333333333335
0.3791666666666667
0.2589664502164502
0.20806159420289858
0.15984848484848482
0.16108969155844158
0.1572077922077922
-0.08928571428571429
0.1765836940836941
0.28125
0.25416666666666665
0.35085227272727276
0.2983333333333334
0.05670634920634922
0.2090909090909091
-0.003174603174603171
-0.11499999999999999
0.03333333333333334
0.6541666666666667
0.2902777777777778
0.21031746031746032
0.14056776556776557
-0.17395833333333335
0.02777777777777778
0.10262445887445888
-0.3083333333333333
0.0757142857142857
0.09322916666666667
0.25357142857142856
0.775
-0.18593749999999998
0.1277777777777778
0.12
0.023333333333333334
0.09555555555555556
0.0
-0.032678571428571446
0.2119047619047619
-0.3611111111111111
0.10037878787878789
0.13809523809523808
0.21946428571428575
0.23488636363636362
0.1045238095238095
-0.07725694444444445
-0.08827838827838827
0.0722222222222222
0.09665071770334928
0.85
0.3358974358974359
0.2908854166666667
0.34833333333333333
0.290625
-0.4083333333333333
0.1737179487179487
0.045052083333333326
0.031412337662337655
0.43409090909090914
0.12629629629629627
-0.03493589743589744
0.2666666666666667
-0.09999999999999999
0.14375
0.11388888888888889
0.041071428571428585
0.019841269841269833
-0.19166666666666665
0.0764209054834055
0.4777777777777778
0.16266233766233765
-0.1080357142857143
-0.1267857142857142
0.36212121212121207
0.08928571428571429
0.35409090909090907
0.2333333333333333
0.01898148148148149
0.22083333333333333
-0.15795454545454546
0.5270833333333333
0.09375
0.21485644257703082
0.325
0.12424242424242424
0.05
-0.275
0.0
0.37968750000000007
0.021917775207248896
0.23288888888888895
0.5416666666666666
0.25
0.18321428571428572
0.24130952380952383
0.20972222222222223
0.026388888888888892
-0.008140589569160998
0.16286795933535064
0.21875
0.13777472527472528
0.4375
0.19551282051282054
0.5736111111111112
0.4833333333333333
0.22809523809523807
0.2786458333333333
0.43266666666666664
0.08571428571428572
0.3404761904761905
0.3097222222222223
0.25895833333333335
0.1683333333333333
0.272202380952381
-0.0017380952380952408
0.34419191919191916
0.266820987654321
0.19010416666666663
0.14583333333333331
0.0051470588235294065
0.4491666666666667
0.1732142857142857
0.2514285714285714
0.05073529411764706
0.2211111111111111
-0.016666666666666663
0.5833333333333334
0.4803125
0.09597457627118645
0.19060457516339868
0.19159090909090912
-0.20833333333333334
0.16250000000000003
0.27380952380952384
0.1
0.14762121212121213
0.2535037878787879
-0.04453125
0.02917824074074074
0.4958333333333333
0.06652930402930403
0.2716049382716049
0.10778846153846153
0.3695833333333334
-0.11886363636363635
0.3327854437229437
0.13764880952380953
0.5
0.2179411764705883
0.20166666666666666
0.13733766233766231
0.27499999999999997
0.30476190476190473
0.08333333333333336
0.3673177083333333
0.625
-0.26645021645021644
0.09722222222222224
0.25535714285714284
0.11106442577030812
0.1696969696969697
0.21428571428571427
-0.0615189594356261
0.19772727272727272
0.1537962962962963
-0.10657894736842105
0.191765873015873
0.1850439882697947
0.10892857142857144
0.1300595238095238
0.10833333333333334
0.10583333333333336
0.27
-0.05157407407407408
0.26666666666666666
0.11172839506172842
0.1716709956709957
0.27956349206349207
0.3071428571428572
0.9099999999999999
0.09974999999999998
0.2263888888888889
0.4666666666666667
0.08333333333333333
0.3297619047619048
0.24787578162578167
0.18571225071225073
0.345
0.3611111111111111
0.2046897546897547
0.07628205128205126
0.08
0.15090325780849975
-0.226171875
0.34375000000000006
0.08846153846153845
0.023658536585365854
0.20447802197802198
-0.07515151515151516
0.3385416666666667
0.035885416666666656
0.758888888888889
0.3739285714285715
0.22415223665223663
0.31166666666666665
0.625
0.31666666666666665
-0.05320512820512822
-0.03257575757575758
0.18498217468805703
0.1693071338383838
-0.10500000000000001
0.08171781783722083
0.007792207792207795
0.31587301587301586
0.33076388888888886
0.35
-0.5
0.03333333333333333
-0.07500000000000001
0.1806547619047619
0.21375000000000005
0.015625000000000007
0.3880952380952381
0.0
0.32378535353535354
0.3125
-0.1
0.002254901960784307
0.1614145658263305
0.3816287878787879
0.049999999999999996
-0.08611111111111112
0.2377380952380952
0.4000000000000001
0.115625
0.1619047619047619
0.036266121031746035
0.15058471620971622
-0.08430451127819548
0.24
0.02051282051282051
0.023601398601398597
0.31851851851851853
-0.002083333333333326
0.1416666666666667
0.09246031746031748
-0.475
0.07473958333333333
0.23111111111111113
0.44175925925925924
0.4749999999999999
0.341969696969697
0.3273809523809524
0.125
0.13491307080016757
-0.002777777777777768
0.009999999999999986
0.4916666666666667
-0.2
0.13169672919672917
0.3547619047619048
0.1434131959994029
0.33491735537190076
0.11389860139860139
-0.07500000000000001
0.49047619047619045
0.5666666666666667
0.2041666666666667
0.17500000000000002
0.08887163561076603
0.6354166666666667
0.59
0.10208333333333335
0.33459595959595956
0.16439393939393937
-0.0005920550038196878
0.0
0.05715963987703119
-0.2123015873015873
0.10208333333333332
0.25386363636363635
0.28125
0.35918367346938773
0.5671875
-0.2922619047619048
0.2925
0.15000000000000002
-0.2
0.26236772486772486
0.13374787414965986
-0.1961111111111111
-0.32916666666666666
0.09426406926406927
-0.18571428571428572
-0.11851851851851854
0.18223443223443223
0.14375
0.26353535353535357
-0.0625
0.175
0.4333333333333334
0.0020736703772418047
0.26666666666666666
-0.029475308641975315
-0.23749999999999993
0.38020833333333337
0.011111111111111108
-0.009285714285714272
-0.2083333333333333
0.15052083333333335
0.30782051282051276
0.45499999999999996
-0.043750000000000004
0.17523809523809525
0.07937118437118434
0.955
0.1
0.3408333333333333
1.0
0.3619429590017826
0.04334415584415583
-0.1
0.4846645021645022
-0.17478354978354976
-0.499
0.0
0.46055555555555555
-0.2927272727272727
0.23871212121212124
0.078125
0.15092592592592594
0.30929487179487186
0.13531746031746034
0.256359126984127
-0.1811918778852983
-0.13888888888888887
0.35
0.46190476190476193
-0.10982142857142857
0.3095238095238096
0.01272321428571429
0.25833333333333336
-0.0037427849927849973
0.038888888888888896
0.09375
0.08650793650793652
0.0
0.32222222222222224
0.446875
0.625
0.3751488095238096
0.4883333333333334
0.17254556143445032
0.44475378787878794
0.17884199134199133
0.015848214285714285
0.3071428571428571
0.11750000000000001
0.008888888888888885
0.11958874458874459
0.4333333333333333
0.30673076923076925
0.05961538461538461
0.3819444444444444
-0.1257269965277778
0.18143939393939393
0.24517045454545455
0.07166666666666667
0.04722222222222222
0.45
0.08428287981859409
0.13333333333333333
0.7000000000000001
0.240625
-0.17730158730158727
-0.17500000000000002
0.3665178571428572
0.40151515151515144
0.525
0.3507936507936508
0.36736111111111114
0.10638888888888888
0.11098484848484848
0.060714285714285714
0.18538961038961035
-0.1625
0.2875
0.12941468253968255
0.1653125
-0.16287878787878787
0.430654761904762
-0.24878472222222225
0.17373405103668266
0.381712962962963
-0.1677083333333333
0.022513227513227523
0.33499999999999996
0.30902777777777785
0.04166666666666668
0.5
0.43083333333333335
0.15234375
-0.08574074074074074
-0.1928571428571429
0.3243827160493827
0.004166666666666652
0.335
0.14833333333333334
0.28257575757575754
0.35000000000000003
0.26095959595959595
-0.14300595238095237
0.01708333333333334
-0.14345238095238091
-0.04999999999999999
0.2759803921568627
0.27314814814814814
-0.553
0.2859375
0.40770202020202023
0.3071428571428571
0.40740740740740744
0.2610213316095669
0.1278846153846154
0.17561079545454544
0.18777777777777782
0.12333333333333334
0.3268518518518519
0.41885521885521887
-0.04791666666666666
0.128125
0.16349206349206347
0.38578869047619047
0.39630303030303027
0.24035714285714288
0.1991483154526633
-0.13142857142857142
0.49166666666666664
0.15000000000000002
0.13958333333333334
0.21125
0.10121212121212121
0.0184425636574074
0.2956944444444444
-0.20833333333333331
0.20511363636363636
0.6
-0.09322916666666667
0.057142857142857155
0.49221212121212127
-0.019242424242424228
-0.03496031746031745
0.058531746031746025
0.09500000000000001
0.1924000850340136
0.14660173160173162
0.06180555555555554
0.30605590062111804
0.16670472001117162
0.0
0.3002525252525252
-0.2466666666666666
0.3
-0.15
0.27219742063492064
0.4816666666666667
0.08793506493506492
-0.034999999999999996
0.09489795918367348
0.11235795454545455
0.10694444444444445
0.30462962962962964
0.0803677398989899
0.3354761904761905
0.26666666666666666
-0.009523809523809521
-0.17500000000000002
-0.1717447916666667
0.34782051282051285
-0.2937499999999999
0.3096611721611721
-0.225
-0.08730902777777776
-0.18000000000000002
0.08571428571428572
-0.008974358974358972
-0.14166666666666666
0.0
0.13194444444444445
0.08290151998299322
0.4
-0.001860119047619049
0.2739583333333333
0.012500000000000002
0.15804473304473302
-0.23124999999999996
-0.04123376623376624
0.011538461538461532
-0.14583333333333334
0.3770833333333333
0.0018518518518518406
-0.2633333333333333
0.15
0.005379188712522052
-0.10318181818181817
0.27599206349206346
0.0
-0.4513888888888889
0.19782986111111112
0.1326348944024725
0.22906249999999995
0.6
-0.07250000000000001
0.3852813852813853
0.22333333333333333
0.11236013986013986
0.15529040404040406
0.4261904761904762
0.36904761904761907
0.11083333333333334
0.07916666666666666
0.09375
-0.03333333333333333
0.2375
0.18222222222222223
-0.08571428571428573
0.13278619528619529
0.17834467120181405
0.41041666666666665
0.07015306122448979
-0.0033333333333332993
0.2729166666666667
-0.030375180375180375
-0.4222222222222222
0.013648851148851142
-0.27083333333333337
0.3666666666666667
0.3212962962962963
0.16598639455782313
0.11041666666666666
0.0
-0.06324404761904759
0.06808333333333332
0.19722222222222227
-0.06706349206349206
-0.008928571428571452
0.11416666666666667
0.004761904761904745
0.0
0.48281250000000003
-0.12000000000000002
0.4857142857142857
0.31666666666666665
0.009999999999999998
0.02291666666666667
0.0625
-0.35625
0.4010416666666667
-0.01145833333333334
0.04766899766899769
-0.17916666666666667
-0.009259259259259264
0.35395021645021646
0.18727678571428572
0.625
0.021394751082251095
-0.06571428571428573
0.2493303571428572
0.01833333333333334
0.1456709956709957
0.23104166666666667
0.023611111111111097
0.40104166666666663
0.11364468864468866
-0.032499999999999994
0.45677083333333335
0.04645061728395062
0.28500000000000003
0.37098484848484853
0.11785714285714285
0.1529513888888889
0.1154
0.11250000000000004
0.0
0.4138888888888889
0.5733333333333334
-0.1125
0.31160714285714286
0.31140350877192985
0.5583333333333332
0.15574074074074076
0.25119047619047624
0.3264102564102564
-0.2
0.11038961038961041
-0.02953869047619046
0.15833333333333338
0.36058201058201056
-0.2486734693877551
0.16874999999999998
0.21398809523809526
0.246875
0.04878333333333334
0.2787962962962963
0.14696969696969697
0.19861111111111115
0.23479136604136605
0.2596212121212121
0.4166666666666667
0.39285714285714285
0.0034722222222222285
-0.05833333333333333
0.55
0.10935374149659863
0.55
0.046969696969696974
0.23712121212121212
0.3422222222222222
-0.03125
0.12083333333333335
0.2333333333333333
0.005555555555555573
0.4156944444444445
0.26783549783549787
0.2079126984126984
0.23830409356725146
0.75
0.41874999999999996
-0.5833333333333334
0.16159420289855073
0.0825
0.024316017316017326
0.25520833333333337
0.2303571428571429
0.45185185185185184
0.28477564102564107
0.2568181818181818
0.0125915750915751
-0.029861111111111116
0.2367913832199547
0.1525503100503101
-0.05487603305785123
0.06333333333333332
0.2846153846153846
0.5
-0.08333333333333333
0.03781250000000001
0.017460317460317454
0.15189393939393941
-0.8
0.17571969696969697
0.3910256410256411
0.21014739229024945
-0.007579365079365061
0.14638694638694638
-0.04660493827160493
0.35625
0.27680397727272726
-0.13531746031746028
0.3277777777777778
-0.021428571428571432
0.2541666666666667
0.2713734567901235
0.3537037037037037
0.1880952380952381
0.384375
0.5666666666666667
-1.850371707708594e-17
0.12168350168350171
0.37083333333333335
0.28413419913419913
-0.08571428571428573
-0.016666666666666663
0.21666666666666667
0.0
-0.17976190476190476
0.3791666666666667
0.2425595238095238
0.2885416666666667
0.11533333333333336
-0.04238095238095237
0.2949431818181818
0.48
0.45833333333333337
0.019097222222222196
-0.04672280844155843
0.23194444444444448
-0.02811400103519668
0.2643939393939394
0.3472727272727273
-0.03680268595041322
0.43624999999999997
0.1897411616161616
0.625
0.06589035964035965
0.15875850340136052
0.25
0.2096031746031746
0.03564814814814813
0.2157438016528926
0.1572172619047619
0.23427579365079368
0.18150252525252528
0.2773208273208273
0.24098039215686273
0.14339826839826839
-0.03222402597402597
0.10992063492063492
-0.25277777777777777
-0.22875
0.06153846153846154
0.06315476190476191
0.28912829594647776
0.36053030303030303
0.2416666666666667
-0.06666666666666665
0.057231040564373906
0.3416666666666667
-0.25
0.3069444444444444
-0.27999999999999997
0.4121212121212121
0.19351851851851853
0.21628401360544217
0.2741883116883117
0.3333333333333333
0.075
0.16756280335825788
0.20601851851851855
0.06590909090909092
0.3151515151515151
0.2060064935064935
0.12604166666666666
0.15000000000000005
-0.08333333333333333
-0.011458333333333348
-0.004861111111111101
0.11666666666666668
0.24166666666666667
0.19992857142857143
0.00044642857142857776
0.06583333333333334
-0.026190476190476184
0.4666666666666666
0.13895833333333335
-0.3333333333333333
0.34166666666666673
0.2636054421768708
0.04234848484848484
-0.010151515151515144
0.30892857142857144
0.36133333333333334
0.0
-0.057638888888888885
-0.18174603174603174
0.07833333333333334
-0.017083333333333325
-0.08333333333333333
0.08196969696969697
0.205
0.26282051282051283
0.04491341991341989
0.055880230880230884
0.0034280303030303216
0.15537918871252207
-0.0804421768707483
-0.18333333333333335
0.0062500000000000056
-0.05833333333333333
-0.18181818181818182
0.00021645021645021388
-0.0004629629629629613
0.18229166666666669
0.2
0.465
0.3740234375
0.06250000000000001
0.4215909090909091
0.19666666666666666
0.21786385995370375
0.64
0.12291666666666667
0.02850378787878788
0.3340392561983471
0.10768890200708384
0.2838888888888889
-0.10000000000000003
0.10500000000000001
0.03333333333333333
-0.0875
-0.24166666666666667
-0.15
0.00017788724685275867
0.14213938577146124
0.19255772005772004
0.0625
0.13462554112554112
0.35
0.26247632575757573
-0.04821428571428574
0.5916666666666667
0.03125
0.5236467633928571
0.18505509641873277
0.275
-0.278186562278054
0.47500000000000003
0.45999999999999996
0.15
0.2234375
-0.006666666666666665
0.06833333333333333
-0.1285714285714286
-0.022516835016835022
0.5470833333333334
-0.1625
0.09642857142857143
0.24537037037037035
0.19300051203277008
-0.011309523809523834
-0.003968253968253972
0.19999999999999998
0.12202380952380953
0.625
0.27921717171717175
0.1018320964749536
0.1879964238659891
-0.018181818181818188
0.14166666666666666
-0.009635416666666667
0.11542540792540788
0.08686868686868687
0.16635338345864664
-0.41342592592592586
0.4366666666666667
0.3996527777777778
0.2916666666666667
0.4570833333333334
0.19294871794871796
-0.282
0.0997420634920635
0.2601851851851852
0.36944444444444446
0.16493055555555552
-0.031249999999999983
0.028720238095238097
0.20468355429292928
0.4714285714285714
0.40730769230769237
0.2741228070175439
0.06593137254901961
0.2785714285714286
0.25407986111111114
0.3
0.29027777777777775
0.21916666666666668
0.36875
0.5333333333333333
0.11320207570207572
0.45000000000000007
0.02182539682539683
0.08148148148148147
0.22103174603174605
0.04237012987012986
0.2611111111111111
0.2993371212121212
-0.2666666666666666
0.23214285714285712
0.40314285714285714
-0.02742063492063492
0.0
0.022727272727272707
-0.36249999999999993
0.30208333333333337
0.3416666666666667
0.2403738839285714
0.2444444444444444
0.45
0.22894904481679035
0.3282407407407407
0.5045833333333334
0.49375
0.07728070175438596
0.10555555555555553
0.35555555555555557
0.12686781609195402
0.20160256410256408
-0.0691738816738817
0.3482142857142857
0.13666666666666666
-0.08217468805704099
0.32685185185185184
0.0375
0.0
0.06056286549707603
0.4818452380952381
0.31333333333333335
0.165625
-0.18749999999999997
0.34531249999999997
-0.22875
0.6
-0.3783333333333333
0.034126984126984124
-0.43000000000000005
0.12444444444444444
0.07843137254901962
0.23117857142857146
0.47927083333333337
0.34261363636363634
0.2708333333333333
0.22916666666666666
0.4239583333333334
0.3671875
0.31726190476190474
0.04583333333333336
0.14044067911255412
0.375
0.052138447971781306
0.09083333333333335
-0.19999999999999998
0.15000000000000002
5.952380952381764e-05
0.17034090909090907
0.18720238095238093
0.596875
0.40090909090909094
0.43129251700680277
-0.075
-0.05
-0.25
0.1845899470899471
0.1
-0.07809523809523809
0.27818452380952385
0.08814102564102565
0.27
0.20857142857142855
0.06666666666666667
-0.02847222222222222
0.27487179487179486
0.2244047619047619
0.260446127946128
-0.08819444444444445
-0.0625
0.1233573717948718
0.12465041572184435
0.4694444444444445
0.07521284271284272
-0.16741071428571427
-0.24625
0.22222222222222224
0.34531249999999997
-0.125
0.04635126777983921
0.20476190476190478
0.38125000000000003
-0.5
0.030519480519480544
0.5190476190476191
0.24722222222222223
0.18888888888888888
0.205
0.12250000000000001
0.22571811868686872
0.11233660130718953
0.0767195767195767
0.3078525641025641
-0.01333333333333333
0.22499999999999998
0.3575
0.056249999999999994
-0.15999999999999998
0.6208333333333333
0.05063809523809524
0.0893939393939394
0.3182142857142857
0.3010416666666667
0.010714285714285707
0.17944444444444443
0.23486050986050985
-0.3
0.4751953125
0.25
0.4888888888888889
0.1685714285714286
0.41000000000000003
0.2148148148148148
-0.10208333333333333
0.55
0.0951171782762692
0.575
0.475
-0.10101010101010101
0.38242424242424244
0.4058673469387756
0.5733333333333334
0.09814814814814815
0.11857142857142858
-0.11749999999999998
0.30420634920634926
-0.0017857142857142794
0.2202380952380953
0.008928571428571425
0.33630952380952384
0.5277777777777778
0.24678152492668623
-0.021428571428571432
0.3275462962962963
0.20681818181818182
0.17128010878010877
0.0349294532627866
0.3325
-0.07083333333333335
0.45031250000000006
0.06525974025974024
-0.39810606060606063
0.2611111111111111
0.2591031746031746
0.08201659451659453
0.54
0.28666666666666674
0.11153724747474747
0.381
0.09461538461538462
0.4527777777777778
0.0030808080808080846
0.42520833333333335
0.30666666666666664
0.29708333333333337
0.1372948717948718
0.04227272727272726
0.19523809523809524
-0.04999999999999999
0.3279166666666667
0.031749847374847394
-0.14285714285714285
0.06666666666666667
0.12175324675324677
0.2816666666666666
0.10860881542699725
0.4659163059163059
0.3194444444444444
0.41947278911564634
0.20331101190476192
0.3709090909090909
0.41944444444444445
0.16433982683982687
-0.11921296296296297
0.08193779904306221
0.1527704291593181
-0.125
0.29848484848484846
0.35000000000000003
-0.1294642857142857
0.072
-0.18250000000000002
0.33434343434343433
-0.01625
0.07232142857142858
-0.07516121031746031
0.2693990929705215
0.21916666666666665
-0.1516017316017316
0.05454545454545456
0.25
0.23125
0.390625
0.5326388888888888
-0.018943191311612366
0.4440476190476191
-0.09716666666666667
0.0
0.24376068376068374
0.0752777777777778
-0.10138888888888889
0.2346257204731936
-0.7999999999999999
0.2620726495726496
0.20828703703703705
0.2540530303030303
-0.3
0.24166666666666667
0.2833333333333334
0.5541666666666667
0.23794871794871797
0.41950000000000004
0.37460937499999997
0.18500000000000003
0.2089285714285714
-0.06666666666666667
0.1488095238095238
0.1457815734989648
0.18787433155080213
0.24499999999999997
0.625
0.13541666666666666
0.2511111111111111
0.234375
0.2920454545454546
0.31346153846153857
0.029437229437229442
0.5
-0.005208333333333324
0.2948717948717949
-0.13666666666666666
-0.21666666666666667
0.4676562500000001
0.36047619047619045
-0.21877104377104378
0.15074074074074076
0.19999999999999998
0.37658730158730164
0.14664502164502166
0.30000000000000004
-0.041666666666666664
0.26875
-0.02995535714285715
0.18890534262485478
-0.07142857142857142
0.2505050505050505
-0.004349446849446849
0.2333333333333333
0.07550505050505052
0.2361111111111112
0.1961111111111111
0.2388888888888889
0.21096491228070172
-0.06666666666666667
0.35669786096256684
0.5208333333333333
0.5274242424242425
-0.3125
0.1880952380952381
0.41583333333333333
0.004166666666666676
0.2520833333333333
0.09857142857142857
0.20952380952380953
0.19675324675324674
-0.09332482993197277
-0.46666666666666656
0.046548821548821534
0.2684659090909091
0.2922685185185185
0.21944444444444444
0.3104166666666667
0.06531084656084656
-0.1538461538461538
0.4431818181818182
0.0
-0.06125
0.16487179487179485
0.0
0.20208333333333334
0.2
-0.1866666666666667
0.1884259259259259
0.04841269841269841
0.2244212962962963
0.11458333333333333
0.19488914884135472
0.07861111111111112
0.02759103641456583
0.08928571428571429
0.11822916666666666
-0.034077380952380956
-0.15
0.23626984126984124
0.4296875
-0.03269917052469136
0.05555555555555556
0.09833333333333334
0.07499999999999998
0.08750000000000001
-0.15
0.1
0.23545454545454544
0.032500000000000015
-0.5238095238095238
-0.180625
0.11666666666666665
0.5704166666666667
0.21468253968253967
0.11166666666666668
0.0913293650793651
0.07294824016563146
0.2475
0.030288461538461542
-0.018320105820105816
0.3671875
-0.32291666666666663
-0.18428571428571425
0.2858974358974359
0.375
0.22675793650793652
-0.08928571428571427
-0.026166666666666664
0.006388888888888888
0.034375
0.05364583333333332
0.12139201245908561
0.36249999999999993
-0.003718400940623163
0.07222222222222223
0.17880952380952383
0.4456349206349207
0.3034722222222222
0.36
0.10972222222222222
-0.15000000000000002
0.11944444444444446
0.24500000000000002
0.31666666666666665
-0.03854166666666667
0.45448717948717954
0.6583333333333333
0.2706959706959707
0.21640376984126983
0.16390692640692642
-0.6953125
-0.11875000000000002
0.08583333333333333
0.39479166666666665
0.04586309523809525
0.008490965556182943
0.3814814814814815
0.06666666666666667
0.40277777777777785
0.25
-0.06850198412698412
-0.07368421052631578
0.25297619047619047
0.04166666666666668
1.0
0.16127450980392158
0.30687830687830686
-0.2916666666666667
0.27443181818181817
0.19906299840510366
0.24221200096200096
0.03416666666666666
-0.31481481481481477
0.6666666666666666
0.30833333333333335
0.29447971781305116
0.33660606060606063
0.325
0.0638888888888889
0.125
0.2
-0.047542087542087545
0.5166536458333334
-0.039999999999999966
0.221875
0.05499999999999998
-0.4
-0.21458333333333332
0.32222222222222224
0.30694444444444446
-0.3333333333333333
0.45833333333333337
0.11249999999999999
0.22141975308641973
-0.28125
0.1491970486111111
0.1525
0.31999999999999995
0.3130382775119617
0.23371212121212118
0.7401041666666667
-0.019791666666666652
-0.1453296703296703
0.006249999999999999
0.4105820105820106
0.005208333333333333
0.15555555555555556
0.32642045454545454
0.210625
0.12500000000000003
-0.11126893939393942
0.4966666666666667
-0.016666666666666673
0.34784313725490196
0.6166666666666667
-0.13999999999999999
0.060714285714285714
0.0
0.216025641025641
-0.08333333333333333
0.3642857142857143
0.1632716049382716
0.23500000000000001
0.5
0.32338541666666665
0.1625
0.19529456051195182
0.4203571428571428
0.2190746753246753
-0.28970588235294115
-0.11190476190476191
0.17374217094961777
0.19149477973007384
0.5407407407407407
0.15322128851540617
0.3975824175824177
0.2793981481481481
0.3734300595238095
0.2351082251082251
0.1970121381886088
0.07
0.2885416666666667
0.1890589569160998
0.03896103896103896
0.22999999999999998
0.23515873015873012
0.3845454545454546
-0.10666666666666665
0.12142857142857146
-0.21868686868686868
0.1178936925647452
0.0006666666666666731
0.006799768518518508
0.1263392857142857
0.09833333333333334
0.4671717171717172
0.10833333333333334
0.2
-0.06295454545454543
-1.0
-0.026420454545454546
0.09343434343434343
0.07666666666666667
0.48541666666666666
-0.009166666666666667
0.41111111111111115
-0.175
0.2925
0.2030123679981634
0.2058974358974359
0.23125
0.5127777777777778
-0.042857142857142864
-0.1255952380952381
0.06062770562770563
0.19444444444444445
0.12734593837535016
0.3197802197802198
0.289375
-0.45
-0.18333333333333332
0.1449074074074074
0.03333333333333333
0.17583333333333334
0.23374999999999999
0.09444444444444446
-0.3541666666666667
0.12333333333333334
0.35054112554112554
0.5333333333333333
0.2285714285714286
0.09333333333333331
0.017857142857142856
0.24612244897959182
0.14166666666666666
0.08056722689075632
0.0
0.1722222222222222
0.437962962962963
0.10611580086580086
0.18970473970473967
0.045512820512820525
0.3071428571428571
0.29444444444444445
0.7666666666666666
0.42916666666666664
0.85
0.06276655443322111
0.383
0.04508333333333333
0.16666666666666666
0.24208333333333337
-0.020714285714285713
-0.016008771929824566
0.3238333333333333
0.3340909090909091
0.2653846153846154
0.3336538461538462
0.5
0.2661281179138322
0.6416666666666667
0.44722222222222224
-0.10700280112044816
0.1278846153846154
0.1775793650793651
-0.2542100694444444
-0.06287878787878788
0.05737179487179488
0.059456269039602376
0.275297619047619
0.25047619047619046
0.268042328042328
0.08277777777777777
0.07559523809523809
0.26885924508692366
0.45
0.06984375000000001
0.2916666666666667
-0.012499999999999997
0.25283333333333335
-0.265625
0.696
0.2909848484848485
0.74375
0.24686634867190424
0.36
0.10787037037037035
-0.045075757575757575
0.28518518518518515
0.2784090909090909
0.07108974358974358
