0.2266666666666667
0.024773242630385488
0.1789772727272727
-0.4801111111111111
0.15338541666666666
0.11499999999999999
0.18911782661782664
0.4
0.23367346938775513
0.08055555555555555
0.4314285714285714
0.02255892255892257
0.1100963718820862
0.2833333333333333
0.0
-0.095
0.19124999999999998
0.4666666666666667
0.37166666666666665
0.3958333333333333
0.3413419913419913
-0.23680792891319208
0.29846938775510207
0.14262820512820512
0.1112351190476191
0.20791666666666667
0.24482456140350875
-0.15496031746031746
0.08263888888888889
0.4
0.0
0.5107142857142857
0.12814625850340136
-0.04166666666666666
0.2995
0.2526041666666667
0.444453125
0.1354861111111111
0.09999999999999998
0.288425925925926
0.17142857142857143
0.16875
0.225
-0.014880952380952384
0.19408163265306122
0.26999999999999996
-0.48888888888888893
0.159375
0.3607142857142857
0.0820565149136578
-0.049999999999999996
0.3666666666666667
0.29160714285714284
-0.159
0.85
0.2638888888888889
0.21188271604938272
-0.15555555555555559
-0.4666666666666666
0.0975
0.13846153846153844
0.39239583333333333
0.21428571428571427
0.1864583333333333
0.022123015873015864
0.6
0.22499999999999998
0.2297222222222222
-0.039583333333333345
0.053125000000000006
0.1902020202020202
0.3447420634920635
0.2273809523809524
-0.07252252252252252
0.15297619047619046
0.286734693877551
0.8275
0.6
0.09753968253968252
0.35514550264550265
0.23941798941798942
0.25
0.09484848484848486
-0.09999999999999992
0.32051282051282054
0.1734392800182274
0.09880952380952379
0.40625
0.23194444444444443
0.41916666666666663
0.29
0.14583333333333331
-0.16666666666666666
0.62
0.5
-0.10833333333333334
0.42333333333333334
-0.13461538461538458
-0.08214285714285714
0.20297619047619048
0.05333333333333332
0.02692307692307692
0.3671212121212122
-0.5859375
0.11024659863945578
0.02666666666666666
0.35574534161490684
0.6808159722222222
0.32083333333333336
0.16583333333333333
0.41301587301587295
0.6166666666666667
0.17916666666666664
0.16767676767676767
0.09444444444444444
0.5135416666666667
0.1171875
-0.04398148148148148
0.38181818181818183
0.109375
0.20750000000000002
0.3062179487179488
0.5222222222222221
0.6791666666666667
0.53125
0.3416666666666666
0.30052083333333335
0.2985714285714286
-0.15916666666666665
0.12687562003968253
0.33100000000000007
0.1611111111111111
0.028125000000000004
0.3354166666666667
0.52
0.1972727272727273
0.08824404761904761
0.3916666666666667
0.15745798319327728
0.4
0.11069444444444448
0.22731481481481483
0.2096666666666667
0.4138888888888889
0.24112929894179894
0.4694444444444444
0.1571428571428571
0.3019736842105263
0.7000000000000001
0.3433333333333334
0.11770833333333333
0.0
0.31523809523809526
0.3051851851851852
0.3068181818181819
0.5
0.25
0.29047619047619044
0.22260869565217387
0.18088235294117647
0.1523809523809524
0.3890625
0.30173280423280424
0.625
0.0909594298245614
0.13227272727272726
0.16022727272727272
-0.0890625
0.7
-0.09166666666666666
0.85
0.03930041152263374
0.35000000000000003
-0.8
0.3625
0.2147058823529412
-0.13666666666666671
0.3042857142857143
-0.15000000000000002
0.34476190476190477
0.013611111111111107
-0.1013888888888889
0.41691919191919197
0.38877840909090916
-0.3593915343915344
0.20084541062801936
-0.018611111111111116
0.23090304303539597
0.3136363636363636
-0.0008636363636363664
-0.2916666666666667
0.2880555555555556
0.07533670033670033
-0.16574074074074074
0.24936111111111114
0.2392857142857143
0.3128472222222222
0.12600574712643678
0.16984848484848486
0.3762820512820513
0.16666666666666666
0.39166666666666666
-0.07175925925925926
0.45500000000000007
0.25
0.28884920634920636
0.18379120879120886
0.1877450980392157
0.30134199134199136
-0.16666666666666666
0.12796756383712907
0.2886243386243386
0.0
0.17970494417862842
0.13854166666666667
-0.8666666666666667
0.010185185185185177
-0.002125850340136031
0.13636363636363635
0.255705467372134
0.25755208333333335
0.015624999999999998
0.011328124999999998
0.6666666666666666
0.41458333333333336
0.1564102564102564
-0.1335648148148148
-0.08660714285714285
0.10706766917293233
0.1614117364117364
0.2030303030303031
0.10863095238095237
0.14523809523809525
-0.04583333333333336
-0.20357142857142854
0.20454545454545456
0.20952380952380953
0.05500000000000001
0.49375
0.4828571428571428
0.20452380952380955
0.08273809523809522
0.36817460317460315
-0.0021995464852607727
-0.21458333333333335
0.034374999999999996
0.6000000000000001
-0.1415071770334928
0.0142857142857143
-0.17499999999999996
0.14666666666666667
0.22269841269841267
0.08
0.3229166666666667
0.2403030303030303
0.13787878787878788
0.41949754901960784
0.08854166666666669
0.2125
-0.25
0.44749999999999995
0.1806172839506173
-0.05662202380952381
0.044387755102040814
0.10737847222222222
0.2914492753623188
0.2619047619047619
0.245679012345679
0.21883889919604202
0.2608585858585859
0.40920745920745927
-0.3
0.26666666666666666
0.06666666666666665
0.08125
0.09999999999999999
0.24375000000000002
0.271577380952381
5.551115123125783e-18
0.13653846153846155
-0.19896825396825396
0.5264285714285714
0.08162202380952382
0.39409090909090905
0.8
-0.0047406462585034
0.20654761904761904
0.08465608465608465
0.010714285714285707
0.2263888888888889
0.36499999999999994
0.4666666666666666
0.18333333333333338
-0.031084656084656104
0.0
0.13782790309106097
-0.07111111111111111
0.08346560846560845
0.2706709956709957
0.39999999999999997
0.19206349206349205
0.22745535714285714
0.043750000000000004
0.11203703703703703
0.17196969696969697
0.25
0.2735644257703081
-0.175
0.34208333333333335
0.5176704545454545
0.05
0.20357142857142857
0.38095238095238093
-0.15
0.26666666666666666
0.2833333333333334
0.22142857142857145
0.32857142857142857
0.20595238095238097
0.10019841269841272
0.5
-0.09999999999999994
0.19833333333333333
0.3778138528138529
0.08999999999999997
0.4008333333333334
0.40041666666666664
0.19556878306878303
0.011111111111111108
0.4263888888888889
0.39999999999999997
0.05069444444444445
0.69
0.27851446798815216
0.39375000000000004
0.12440476190476193
0.2643681318681319
-0.005097041847041877
0.3111111111111111
0.4402020202020202
0.2625
-0.5
0.35
0.06874999999999999
0.23999999999999994
0.19135338345864664
0.2
0.06547619047619047
-0.05744047619047619
0.14855072463768118
0.2638888888888889
0.049176954732510304
0.26515151515151514
0.2841666666666667
0.25160256410256415
0.30000000000000004
0.33333333333333337
0.20000000000000004
-0.1574074074074074
0.19293650793650793
0.23958333333333331
0.2266666666666667
0.48
0.35055555555555556
0.2792857142857143
0.0
0.30625
0.17027629233511585
0.0
0.06647241647241647
0.3438775510204081
0.07514367816091955
0.12861328125000002
0.22111111111111112
0.4971904761904762
-0.25234375
0.14005050505050504
-0.08214285714285714
0.00833333333333334
0.205
0.05925925925925926
0.17857142857142858
0.36852272727272734
0.5653333333333334
0.19454099821746884
0.05937500000000001
-0.05416666666666667
-0.012035296574770265
0.36727272727272725
0.29571428571428576
0.34642424242424236
0.05
0.3433333333333334
0.3160069444444444
0.125
0.11172360248447205
0.22523809523809524
0.4
0.5856122448979592
-0.4890625
0.7041666666666666
0.25
0.3458333333333334
0.15
-0.005714285714285735
0.09999999999999998
0.2978495034377388
0.04598214285714286
1.0
0.19166666666666668
0.27999999999999997
0.06666666666666668
0.43333333333333335
0.11666666666666665
0.7000000000000001
0.2759259259259259
-0.1805194805194805
0.07689393939393939
0.4611111111111111
0.2518939393939394
0.19430555555555556
0.4666666666666667
-0.1742013888888889
0.052777777777777785
0.2375
-0.11952020202020201
0.299896694214876
-0.033982182940516276
0.27999999999999997
0.02777777777777779
-0.7666666666666666
0.2835164835164835
0.1529315476190476
0.10454545454545455
0.3217460317460318
0.03541666666666666
0.11826496674057649
0.1714187327823691
0.11820987654320987
0.08611111111111111
0.19791666666666666
0.17036340852130327
0.1380997474747475
0.1885416666666667
0.46541666666666665
-0.375
-0.38773148148148145
0.05849206349206349
0.19604700854700857
-0.14078947368421055
0.0625
0.3841507177033493
-0.440625
0.22777777777777777
-0.16666666666666666
0.17148268398268396
-0.01386135057471265
0.41944444444444445
-0.020000000000000007
0.28928571428571426
0.0737012987012987
0.14621848739495796
0.07699999999999999
0.028289473684210524
-0.19875
0.6666666666666666
0.39947916666666666
0.11614942528735632
-0.12999999999999998
0.5395833333333333
-0.11381802721088434
-0.1353305785123967
0.455462962962963
0.27630681818181824
0.13499999999999998
0.12072649572649573
0.08494949494949494
0.05
0.10500000000000001
0.17179487179487188
0.11689814814814814
-0.007226562499999999
0.27983954451345755
0.32333333333333336
0.47333333333333333
-0.31027777777777776
0.037606837606837605
-0.32499999999999996
0.5266666666666667
0.0
0.07825757575757576
-0.1875
-0.014935064935064912
0.04
0.345675505050505
0.10113636363636362
0.2692307692307692
-0.1111111111111111
0.4728282828282829
0.16439393939393934
0.2378472222222222
0.255952380952381
1.0
0.13530636030636028
-0.19979166666666665
-0.11129774305555556
0.052500000000000005
0.6000000000000001
0.3333333333333333
0.058333333333333334
0.14645061728395062
-0.02932408500590318
0.31666666666666665
0.12333333333333336
0.2546212121212121
0.0888888888888889
0.34545454545454546
0.44000000000000006
0.5489260912698413
0.25147751322751327
0.4
0.003156565656565649
0.23888888888888885
0.24504924242424242
0.10756172839506171
0.5367063492063492
0.1823726394378568
0.23650958994708995
0.18478119706380577
0.20909090909090908
-0.22048611111111105
0.2375
0.4908730158730159
0.23660714285714285
0.19493506493506493
0.41169604205318494
0.6
0.475
0.3652777777777778
0.5
0.14380341880341885
0.5291666666666667
0.2640873015873016
0.2576754385964912
0.5
0.3590277777777778
-0.10511904761904761
0.06666666666666667
0.36770833333333336
0.103125
0.14404761904761904
0.9
-0.08425925925925926
0.6875
0.11217959449404762
0.1942020202020202
0.26494755244755247
0.35478896103896107
0.205
0.14583333333333334
0.20245098039215684
0.052976190476190475
0.45879629629629626
0.21071428571428572
0.3888888888888889
0.09021796916533757
-0.056944444444444464
0.45803571428571427
0.33333333333333337
0.1760964912280702
0.34239130434782605
0.2175844854070661
-0.03533882783882784
0.16477272727272727
0.1598712690817954
0.4625
0.27812500000000007
0.13217592592592592
0.14342324342324342
0.23837719298245616
0.4104166666666667
0.06513798701298701
-0.16361111111111112
0.08944444444444444
0.325
0.38571428571428573
-0.36458333333333337
0.18076923076923074
0.10454545454545455
0.30833333333333335
0.18000000000000002
0.1761904761904762
0.5458333333333334
0.033593750000000006
0.3101239669421487
0.10387864823348694
0.31577380952380946
0.15952380952380954
0.15464646464646464
0.27270833333333333
0.85
0.21239700577200576
-0.030165289256198338
0.25648148148148153
0.25359848484848485
0.1887416371507281
0.10598214285714286
0.10093344155844156
-0.0462962962962963
0.02035714285714286
-0.017916666666666674
0.04262820512820512
-0.3386363636363636
0.38703703703703707
0.32
-0.16250000000000003
0.2125
-0.19999999999999998
0.22613129058441558
0.09642857142857142
0.09642857142857143
-0.15555555555555559
-0.026515151515151523
0.2976190476190476
0.30625
-0.02078703703703703
-0.2333333333333333
0.29874999999999996
0.23991797676008209
0.31999999999999995
0.6441666666666668
0.4185185185185185
-0.16666666666666666
0.23422619047619045
0.23016666666666669
-0.1895833333333333
0.3571428571428571
0.5024789915966386
0.17690476190476195
0.2373214285714286
0.28690476190476194
-0.020833333333333332
0.21070601851851853
0.24270833333333333
0.09404761904761905
0.2823809523809524
0.3726190476190477
0.26384920634920633
-0.14742798353909464
0.02609649122807016
0.23392857142857146
0.21166666666666667
0.1967948717948718
-0.0852020202020202
0.24202741702741698
0.5900000000000001
0.07828282828282829
0.20833333333333334
0.2512962962962963
0.3375
0.20833333333333334
0.5474702380952381
0.1619047619047619
0.024974120082815746
-0.20593434343434344
0.14713675213675215
0.10289855072463766
0.35555555555555557
-0.0492296918767507
0.0
0.14254079254079258
0.06666666666666667
-0.35714285714285715
0.18444444444444444
0.22666666666666668
0.19936417748917748
0.3816666666666666
-0.075
-0.15
0.34638429752066113
0.24910134508348794
-0.013888888888888895
0.5
-0.10666666666666669
0.2645399305555556
0.17142857142857143
-0.1361111111111111
0.18666666666666668
0.3141233766233766
0.66
0.12275641025641025
0.3609375
0.2181818181818182
-0.142283950617284
0.10499999999999998
0.8583333333333334
0.09610389610389611
0.06299999999999999
0.3118055555555556
-0.16738658777120316
0.1482638888888889
0.1288888888888889
0.515
0.2686274509803922
0.27941919191919196
0.29166666666666674
-0.1408333333333333
0.13333333333333336
0.19292929292929292
0.12509920634920638
-0.02833333333333334
0.25
0.12976190476190477
0.10763888888888888
0.19340277777777778
0.19999999999999996
-0.013938492063492054
-0.020833333333333343
0.31180555555555556
0.2413690476190476
0.1
0.5708333333333333
0.14404761904761904
0.36201814058956916
0.39999999999999997
0.04186507936507936
-0.0625
-0.0008333333333333491
0.7125
0.509090909090909
0.05000000000000001
0.08547979797979799
0.33166666666666667
0.42023809523809524
0.2875
0.3352272727272727
0.15173611111111115
0.013541666666666667
0.14840510366826154
0.11006944444444446
0.09405964405964409
-0.07025462962962961
0.020833333333333332
0.1898148148148148
0.175
-0.22367424242424241
-0.18513888888888888
0.2035204081632653
0.19511111111111112
0.476171875
-0.0625
0.32321428571428573
0.03035714285714285
-0.06041666666666666
0.17297979797979798
0.4743055555555556
-0.08333333333333333
0.18898412698412698
0.2
0.5479166666666666
-0.1
0.2141414141414141
0.294005994005994
0.29375
0.28809523809523807
-0.24375000000000002
0.425
0.5
-0.3383333333333333
0.37414965986394566
0.75
-0.12280701754385963
0.0640625
0.1686201298701299
0.2785714285714286
0.415625
0.27861111111111114
0.44000000000000006
-0.5458333333333334
0.40513731060606056
0.22512987012987015
0.4666666666666667
0.18888888888888888
0.3833333333333333
0.40513731060606056
0.1455357142857143
0.3290909090909091
0.2625
0.525
0.18125
0.3875
0.1100595238095238
0.5154761904761905
0.24268518518518517
0.2803703703703704
0.11102941176470588
0.3011363636363636
0.10796296296296298
0.2472002635046113
0.23333333333333328
0.1767006802721089
0.05276928953399541
-0.017471303948576673
0.06904761904761905
0.15110192837465564
0.12721088435374148
0.03142857142857143
0.2676136363636364
-0.05946969696969698
0.25546875
0.4090909090909091
0.4683333333333334
-0.125
0.007812499999999972
0.029081632653061223
