0.11041666666666666
0.3030357142857143
0.4555555555555555
0.26654761904761903
0.21357142857142858
0.1423611111111111
0.6125
0.5464583333333334
0.52625
0.3388888888888889
0.10794270833333333
0.1
0.31279296875
0.43583333333333335
-0.1519230769230769
0.42142857142857143
-0.005555555555555542
0.09625
0.2905303030303031
0.4722222222222222
0.2166666666666667
0.3208333333333333
0.28095238095238095
0.19
0.2639583333333333
0.08
0.1162878787878788
0.2779761904761905
0.4567927170868347
0.20026190476190478
0.22539141414141414
0.6833333333333332
0.3278125
0.1171875
0.0
0.2777777777777778
0.43333333333333335
0.008333333333333331
0.42086466165413533
0.65
0.021049783549783548
0.3400378787878788
0.2595982142857143
0.33999999999999997
0.5555555555555557
0.08842592592592592
0.65
0.19850649350649352
0.65
0.2573111111111112
0.465625
0.037500000000000006
0.34375
0.040277777777777767
0.3844444444444444
-0.3166666666666667
0.3854166666666667
0.2916666666666667
0.1878787878787879
0.6666666666666666
0.201140873015873
0.19484126984126982
0.3225
0.25
0.15153968253968253
0.2980769230769231
0.48235294117647054
0.10562500000000001
0.13702020202020204
-0.10624999999999996
0.37144607843137256
-0.01602564102564102
0.31666666666666665
0.34625
0.1970238095238095
0.18714167650531285
0.10097402597402598
0.1766666666666667
0.43499999999999994
0.5216666666666667
-0.03789682539682537
0.3611111111111111
0.2679166666666667
0.1390625
0.38418898809523805
0.26891025641025645
0.38333333333333336
0.28450937950937955
0.37142857142857144
0.45925000000000005
0.03787878787878789
0.5
0.30000000000000004
0.313426097711812
-0.23333333333333334
0.12442911255411256
0.525
0.0357843137254902
0.31799580627705626
0.2925
0.19798260381593716
0.08612836438923396
0.14869791666666665
0.40269230769230774
0.2605431547619048
0.23732683982683986
0.3818892045454545
0.4013521466936384
0.341131438006438
0.10175781249999999
0.36984126984126986
-0.25416666666666665
0.049999999999999996
0.28363095238095243
0.06666666666666671
0.10410353535353535
0.06815476190476191
0.22618226600985225
0.2189136904761905
0.16363636363636364
-0.31666666666666665
0.24761904761904763
0.375
0.58375
0.17575757575757578
0.3333333333333333
0.12265625
0.008333333333333325
-0.008333333333333328
0.3125
0.12833904521404524
0.17386363636363636
0.375
0.29425447658402204
0.3716666666666667
-0.03405417814508723
0.17395104895104893
0.47766666666666674
-0.03125
0.09375
0.2527517361111111
-0.001325757575757576
0.16958080808080808
0.1859821428571429
0.49821428571428583
0.24743925743925743
0.12023809523809523
0.1632305194805195
0.31949074074074074
0.3430934343434343
0.2987060546875
-0.1159090909090909
0.36740196078431375
0.12444444444444448
0.18423295454545455
0.27399999999999997
0.2083333333333333
0.07989087301587304
0.45510204081632655
0.2298840048840049
-0.10220588235294115
0.41769230769230775
0.23333333333333334
0.12603174603174608
0.1395016339869281
-0.08374999999999998
0.30568181818181817
0.41642857142857137
0.07846119929453264
0.19724903474903477
0.58
0.19903846153846153
0.05458333333333333
0.8125
0.3904513888888889
0.09588744588744588
0.31133333333333335
0.3412587412587413
0.31273809523809526
0.1758487654320988
-0.027083333333333345
0.17045634920634922
0.3975378787878787
0.23661616161616164
0.15833333333333335
0.2127314814814815
0.0875
0.16071428571428573
0.03004385964912281
0.2125
0.030357142857142857
0.3284722222222222
-0.6
0.24689754689754692
0.38791666666666674
0.3375
0.3025
0.35833333333333334
0.5318840579710145
0.14500000000000007
0.39204545454545453
0.10215617715617717
0.06690443840579711
0.06818181818181818
0.06405357927097058
0.16111111111111112
0.05142857142857144
0.1600378787878788
0.23058760683760682
0.21558585858585863
0.24629629629629635
0.12588298299638503
0.17662337662337663
0.2512574404761905
0.06875
0.1769920183982684
0.3079166666666667
0.020833333333333332
-0.08183333333333331
0.31166666666666665
0.2490740740740741
0.37916666666666665
-0.20648148148148146
0.5055555555555556
-0.2125
0.379375
0.0776875901875902
0.01785714285714288
0.20747245179063356
0.37589285714285714
0.025
0.175
-0.11666666666666668
0.04048958333333334
0.04687500000000001
0.03928571428571427
0.08753086419753088
0.12537774725274725
0.04326380668665824
0.1625
-0.11702508960573474
-0.07105327468230695
0.38114035087719295
0.3322843822843823
0.0182900432900433
0.08069985569985572
0.22724358974358974
0.22708333333333336
0.10323565323565323
0.19292929292929295
0.45625000000000004
0.032936507936507944
0.0837498360225633
-0.1858148148148148
0.06325757575757579
0.14583333333333334
0.255
0.1673941798941799
0.23710338680926912
0.15633006449332978
0.1642361111111111
-0.3708333333333333
0.007466666666666661
0.21666666666666665
0.0988095238095238
0.2811348684210526
0.37445887445887444
0.23214285714285715
0.24534342145949292
0.22000000000000003
0.011904761904761904
0.47750000000000004
-0.05
-0.40888888888888886
-0.2057142857142857
-0.008538359788359791
0.09628427128427126
0.7000000000000001
0.28250000000000003
0.24099702380952379
0.18466666666666667
0.002692307692307695
0.7066666666666668
0.3476666666666667
0.0639133597883598
0.37447916666666664
0.25
0.24878472222222223
0.23392857142857146
0.34776785714285713
0.43863636363636366
-0.00454545454545455
0.037
0.052500000000000005
0.002619047619047632
0.35216942148760333
0.31384615384615383
0.009999999999999998
0.12770675505050505
0.49000000000000005
-0.12727272727272723
0.18755952380952384
-0.10666666666666662
0.31896825396825396
0.5241815476190477
0.17573529411764702
0.1626984126984127
0.0425
0.31428571428571433
0.03364130434782609
-0.21818181818181814
0.1886111111111111
-0.03861948906356801
0.11387135474344777
0.5
0.1907114624505929
0.18333333333333335
0.22801767676767673
0.1450980392156863
0.04951388888888889
-0.11607142857142859
0.21168831168831168
0.22960069444444448
0.578125
0.21296296296296297
0.376
0.5616666666666668
0.1817821067821068
0.2681818181818182
0.20052447552447553
0.04480820105820105
-0.06785714285714285
-0.15000000000000002
0.005187074829931986
0.31250000000000006
-0.51875
0.11434027777777778
0.050028232636928294
-0.19263392857142858
-0.04623233908948194
0.26666666666666666
0.06874999999999999
0.2976190476190476
0.15324074074074076
0.21666666666666665
0.18333333333333335
-0.032724014336917566
0.4333333333333333
0.33625
0.19999999999999998
0.18333333333333332
0.03333333333333333
-0.16666666666666666
0.12070129870129871
0.3975
-0.08
0.5555555555555555
0.5614583333333333
0.37088383838383837
0.08095486111111112
0.34792540792540794
0.00805555555555556
0.65
0.3383725649350649
0.4716666666666667
-0.125
0.23257575757575755
0.209375
0.1345536013855716
-0.25277777777777777
-0.055714285714285716
0.40952380952380957
-0.030926724137931006
0.1892857142857143
0.0757142857142857
0.43333333333333335
-0.125
0.2003902662993572
0.3220238095238095
0.41160256410256413
0.22261904761904763
0.2642857142857143
0.6425595238095239
0.29191176470588237
-0.09166666666666667
0.13360544217687073
0.009999999999999998
0.2984848484848485
0.04
0.3116666666666667
0.22521367521367525
0.006845238095238103
-0.36999999999999994
0.44423076923076926
0.4166666666666667
-0.8999999999999999
0.3660027472527473
0.024553571428571428
0.01349206349206348
-0.007142857142857141
0.21206955922865012
0.20558647701504842
0.5733333333333335
0.16510416666666666
0.29556878306878304
0.08000000000000004
0.04
0.31805555555555554
0.12068311462842714
0.3391363636363637
0.10937500000000001
0.09166666666666666
-0.2714285714285714
0.30770833333333336
0.07500000000000001
0.011538461538461527
0.06208333333333334
0.05892857142857143
0.6166666666666667
0.3142857142857143
0.015293865293865306
0.2844513457556936
0.5136363636363636
0.2265625
0.14222222222222222
0.19255952380952385
-0.14022727272727276
-0.2041666666666667
0.29423076923076924
0.30833333333333335
0.20218201754385967
0.05714285714285716
0.22065096251266464
0.018411458333333314
-0.02285714285714283
-0.26833333333333337
-0.04083867521367522
0.225
0.3247142857142857
0.08046875
0.4600000000000001
-0.10294756972998902
-0.10972222222222222
0.475
0.13863636363636364
-0.05
0.20909090909090908
0.14920083774250442
0.3239955357142857
0.24545454545454548
-0.12976190476190477
0.32013888888888886
0.43679271708683476
0.19244791666666666
0.12823529411764706
0.354040404040404
0.19285714285714287
0.37676470588235295
-0.003571428571428575
-0.45
0.25773809523809527
0.11370967741935485
0.15984278879015723
0.4625
0.4828571428571428
0.10000000000000002
0.1463888888888889
0.26035353535353534
-0.21000000000000002
-0.09375
-0.07658730158730158
0.2588782051282051
0.53375
0.14351851851851852
0.6166666666666667
-0.07061965811965812
0.1
-0.10476190476190478
0.12264957264957266
0.07820552463409605
0.36690625000000004
-0.02937500000000001
-0.1409090909090909
0.43132740447957846
0.4575892857142857
-0.2416666666666666
0.5213541666666667
0.28020833333333334
0.20036796536796536
0.5222222222222223
0.297
0.3320833333333333
0.19424603174603175
0.3188888888888889
0.1366213151927438
-0.1352777777777778
0.6566666666666666
0.11446523053665911
0.22392573696145127
0.21875
-0.6083333333333333
-0.5583333333333333
0.15163690476190478
0.21666666666666662
-0.023611111111111086
-0.1511111111111111
0.22171875
0.26875
0.2954861111111111
0.2095923520923521
0.1510416666666667
0.017083333333333332
0.5111111111111111
0.1734375
0.054761904761904755
0.6875
0.33854166666666663
0.1840488215488216
0.04818840579710145
0.26
0.2391025641025641
0.5526041666666667
1.0
0.3215277777777778
0.020512820512820513
0.0736658456486043
0.29118589743589746
0.25455109126984127
0.6875
0.55
0.22604166666666667
0.07481388560934016
0.37927272727272726
-0.41041666666666665
0.40698051948051944
0.0922077922077922
0.2991161616161616
0.5071428571428571
0.38541666666666663
0.3016729797979798
0.495
0.10555555555555556
0.09082715326567785
0.2123765432098765
0.20188888888888892
0.05456349206349206
-0.06727692307692312
0.8875
0.37734375
0.4
0.09029761904761903
0.25
0.6285714285714287
0.12439613526570052
0.390581955922865
0.5216666666666667
0.1484375
0.5266666666666666
0.24000000000000005
0.36875
-0.1311728395061728
0.4166666666666667
0.2933333333333334
0.2357692307692308
0.49409090909090914
-0.04166666666666666
0.20833333333333331
0.21370535714285718
0.26955729166666664
0.3427083333333334
0.4416666666666667
0.125
0.23257575757575757
-0.03409090909090908
0.4
0.20203703703703704
0.11081649831649834
0.31809523809523804
0.334375
0.20625000000000004
0.09333333333333332
-0.09342338217338216
0.15431818181818183
0.01061473971630221
-0.37777777777777777
0.28864379084967323
0.15431818181818183
0.1399571472298745
0.19853174603174603
0.09786764705882355
0.08214285714285713
0.16499999999999998
0.31212121212121213
0.1875
0.08999999999999998
0.49583333333333335
0.4198232323232323
0.2457908163265306
0.07174769674769674
-1.0
0.07083333333333332
0.05421052631578947
-0.10002923976608187
0.21428571428571425
-1.0
0.13313397129186608
-0.055555555555555566
0.4079166666666667
0.2525510204081633
-0.5911458333333334
0.06169085816144637
0.13951612903225807
-0.10000000000000003
1.3877787807814457e-17
0.6785714285714286
0.44305555555555554
-0.033333333333333326
0.09132863021751908
-0.04633333333333333
0.33722222222222226
0.2044570707070707
-0.019999999999999997
0.1357142857142857
-0.02536075036075035
-0.10885416666666667
-0.008119658119658122
0.3614583333333333
0.32658068783068783
0.6966666666666668
0.17272727272727273
0.031250000000000014
0.11775984432234433
0.07192028985507248
0.26421957671957674
0.047850529100529095
0.0
0.5857142857142856
0.15
0.4461553030303031
0.25833333333333336
0.15547619047619046
-0.12633333333333333
0.10967391304347826
0.05291666666666668
0.35199074074074077
0.6875
0.22272727272727275
0.20916666666666667
0.14285714285714285
-0.006912202380952382
0.30374999999999996
0.0625
0.4375
-0.03333333333333331
0.05577954287775717
0.24652777777777776
0.355
0.37439393939393945
0.05104166666666665
-0.07500000000000001
-0.052864583333333326
0.25
-0.5
0.11997514204545454
0.41969696969696973
-0.18958333333333335
0.6
0.16355132962275817
0.22886363636363638
0.07148760330578513
0.12307692307692308
0.5678571428571428
0.03763993316624895
-0.0034090909090909107
0.0061111111111111244
-0.09264705882352942
0.33767217630853996
0.2375
0.19999999999999998
0.45
0.5045
0.1
0.2
0.03777777777777777
0.2158521303258145
0.9375
0.29464285714285715
0.30277777777777776
0.01880341880341879
0.2425
0.06139610389610391
-0.26666666666666666
-0.010658008658008644
-0.32142857142857145
-0.0037037037037036783
0.13148148148148148
0.0776026165674603
0.37983766233766236
-0.06519607843137255
0.06818181818181818
0.07083333333333332
0.41500000000000004
0.29642857142857143
0.07557870370370375
0.1417691957165641
0.2838888888888889
-0.14444444444444446
0.3026190476190476
0.22538919413919414
0.64375
0.27535014005602243
-0.19775270061728395
0.14038461538461539
0.17749433106575963
0.26093750000000004
-0.09928385416666667
0.5242592592592593
-0.14907407407407405
0.23928571428571427
-0.0953125
0.255
0.0976190476190476
0.10975056689342405
0.26238053613053613
0.09604978354978355
0.2730952380952381
-0.03749999999999998
-0.006923076923076921
0.22204545454545457
0.29583333333333334
0.23576923076923076
-0.20500000000000002
0.6062500000000001
0.13888888888888887
0.11388888888888887
0.15097222222222223
0.3956060606060606
0.22553571428571426
0.1922534096727645
0.06298076923076924
0.525
0.15476190476190474
0.390625
0.014318181818181813
0.0
0.1713595920138889
0.4305096418732782
0.10778619528619529
-0.3212121212121212
0.22981770833333334
0.27518939393939396
-0.5
0.2821316964285715
-0.10625000000000001
0.25
-0.2333333333333333
0.525
0.517989417989418
0.030555555555555555
0.5
0.00888157894736842
0.15102880658436216
-0.02717391304347826
0.44864718614718613
0.039999999999999994
0.0
0.171875
0.2768421052631579
0.18452380952380953
-0.06759259259259258
0.35666666666666663
-0.026291243478743488
-0.02495408631772269
0.31493506493506496
0.6666666666666666
0.0009489302967563888
0.3791666666666667
-0.012962962962962963
0.23214285714285718
0.050000000000000044
0.3386363636363637
0.21845522898154482
0.4019230769230768
0.06371031746031747
0.2853047520661158
-0.38928571428571423
0.18582589285714285
0.32222222222222224
0.028124999999999997
-0.007142857142857141
0.3043083900226757
-0.016666666666666663
-0.0012896825396825212
-0.525
0.35892857142857154
0.62
0.315625
0.564
0.4
0.4222222222222222
-0.05433234113875465
0.8375
6.530723674265627e-18
-0.09666666666666668
0.16291666666666665
0.12754820936639122
-0.06557971014492751
0.5166666666666667
0.4179321789321789
-0.09214876033057852
0.029166666666666667
0.09806122448979591
0.09475694444444444
0.5
0.0027972027972028024
0.31333333333333335
0.1671006229542815
0.3326620799835086
0.12834467120181406
0.35125
0.45499999999999996
0.1096153846153846
0.2907142857142857
0.20496632996632996
0.75
0.1946590909090909
0.15714285714285717
0.26656084656084655
0.34991228070175434
0.34393939393939393
0.3458333333333334
0.030888429752066116
0.21261904761904762
0.4321428571428572
0.24632505175983435
0.2246151996151996
-0.05625000000000002
0.040999999999999995
-0.1395833333333333
0.20475757575757572
0.128510101010101
0.09269230769230768
0.12388888888888887
0.4
0.321
-0.14074074074074072
0.21771794871794872
0.01830357142857141
0.19138257575757575
-0.046641156462585036
0.09280773574251835
0.05147907647907648
-0.1715384615384615
0.07747395833333331
0.19000000000000003
0.07077741702741704
0.22822916666666665
0.18055555555555555
-0.2875
-0.031896551724137925
0.24393939393939393
0.15645238095238095
0.43499999999999994
-0.008893398268398264
0.30089285714285713
-0.1358766233766234
0.16839285714285718
0.2661300505050505
0.38210858585858587
0.06468253968253967
0.2803943452380952
0.1270123106060606
0.3188095238095238
0.023901515151515156
0.365625
0.13650793650793652
0.05013157894736843
0.09612012987012988
0.23294117647058823
0.19569444444444442
0.09925000000000003
0.259359410430839
0.38537660256410255
0.15
0.07654761904761906
0.17838541666666666
0.44166666666666665
0.06259259259259259
0.41250000000000003
-0.40499999999999997
-0.09666907166907165
0.15803030303030302
-0.030668139730639726
0.14949275362318845
0.19072871572871572
0.14772727272727273
-0.1571428571428571
0.49074074074074076
0.17722027972027973
0.1910658914728682
0.5625
0.1249480021893815
0.5067708333333334
0.39999999999999997
0.20767906336088152
0.2833333333333333
0.2425925925925926
0.09911616161616162
0.5964285714285714
0.2570357142857143
0.43599999999999994
0.14547802197802198
0.03636564053230719
0.11904761904761905
0.29107142857142854
-0.11587679516250943
0.48166666666666663
0.12163265306122449
0.1555796055796056
-0.1017857142857143
0.36900000000000005
-0.05620200731807874
0.625
0.29583333333333334
0.008123376623376638
-0.15476190476190474
-0.01785714285714285
-0.4125
0.5833333333333334
-0.14175824175824175
0.10155122655122654
-0.1228114478114478
-0.016943359374999994
0.27531249999999996
0.4325
0.265
0.12118055555555556
0.05401651651651652
0.175
0.20233082706766917
0.13333333333333333
0.3851851851851852
0.19057993730407521
0.18238761238761242
-0.27999999999999997
0.5903333333333334
0.2841666666666667
0.1952263014763015
-0.024999999999999977
0.005113636363636366
-0.15208333333333335
0.1264136904761905
-0.016767473118279575
0.013888888888888895
0.07770833333333334
0.23354978354978354
0.2608333333333334
-0.028166666666666684
0.051041666666666666
0.2833333333333334
0.19495757575757577
-0.05909090909090909
0.06939613526570046
0.1444871794871795
0.34375
0.33666666666666667
0.175
0.04903846153846152
0.13013117930456639
-0.012782565918929551
0.09177018633540372
0.18047619047619048
0.005877976190476197
0.18910256410256407
0.24194444444444443
0.16333333333333336
0.09985328638497652
0.017400568181818194
-0.45714285714285713
0.06964285714285713
0.36510780885780886
0.32467630853994495
0.28809523809523807
0.11792946890507869
-0.19362244897959183
-0.04250000000000001
0.24
0.3301653961980049
0.08015674603174604
0.20094742063492066
0.05876152832674571
0.5488839285714285
0.2833333333333333
0.029267482517482516
0.196765873015873
-0.07
-0.044289233801428934
0.1568686868686869
0.021666666666666674
0.18999648999649002
-0.046296296296296294
0.25363945578231295
0.1215422077922078
0.06761904761904762
0.05147514102059557
0.40750000000000003
0.10977443609022557
0.3403418803418804
0.5265625
-0.02513290802764487
0.07575757575757576
0.06858974358974358
0.45606060606060606
0.045098039215686274
0.08186813186813187
-0.05249999999999999
0.11108906525573192
0.29333333333333333
-0.012617394179894166
0.11508928571428571
0.2736111111111111
0.23046875
0.1824193548387097
-0.0642857142857143
0.08803418803418807
0.17477718360071304
0.27708333333333335
0.18367346938775514
0.3033333333333333
0.2052248677248677
0.31666666666666665
0.2554166666666666
0.34833333333333333
0.3465909090909091
0.5182142857142857
0.1675619834710744
0.06528731684981687
-0.678
0.6
0.5166666666666667
0.32857142857142857
0.35075757575757577
0.055
-0.038888888888888896
0.25833333333333336
0.1766666666666667
0.21250000000000002
0.172
0.14666666666666667
0.2777777777777778
0.4116071428571429
0.29375
0.5531250000000001
-0.06666666666666665
-0.2388888888888889
0.671875
0.4375
0.3770833333333333
0.22523310023310023
0.4956349206349206
-0.1
0.0486842105263158
0.07194733796296297
0.24285714285714288
-0.16944444444444445
0.175
0.25060941043083895
0.205
-0.032575757575757563
0.2575
0.45999999999999996
0.4392676767676767
0.12272727272727273
0.2752314814814815
0.3055555555555556
0.20321492233256935
-0.09345238095238094
0.1838888888888889
-0.1
-0.06666666666666667
0.13611111111111113
-0.030972222222222213
0.14684873949579835
0.28750000000000003
0.4124999999999999
0.41500000000000004
0.06458333333333333
0.2912222222222222
-0.0527689594356261
0.08833333333333333
0.359375
0.225
0.23584054834054835
0.5479166666666666
0.2638888888888889
0.3480769230769231
-0.04999999999999999
0.29333333333333333
0.496875
0.2515151515151515
-0.0572420634920635
0.24980158730158733
0.18211111111111117
0.24633958633958633
0.07942019400352734
-0.09523809523809522
0.20119047619047617
0.5
0.27257936507936503
-0.09477954144620811
0.17629870129870126
0.1287037037037037
0.525
0.20000000000000004
0.29967948717948717
0.4
0.35724637681159427
0.36704166666666665
-0.029730158730158728
0.027152423469387763
0.43333333333333335
0.44687499999999997
0.11130208333333336
0.4272727272727273
0.3772222222222222
0.4
0.06785714285714285
0.17032967032967034
0.2841666666666666
0.12499999999999999
0.2674242424242424
0.525
0.3458333333333334
0.28475
0.32916666666666666
0.4631845238095238
0.35833333333333334
0.038518518518518514
0.5
0.18524267060852426
0.4119047619047619
-0.14125
0.2571428571428572
0.45159090909090904
-0.022448979591836726
0.23142857142857146
-0.175
0.19374999999999998
0.07142857142857142
0.18052631578947373
0.5000000000000001
0.3458333333333333
0.10374999999999998
0.45763888888888893
0.3875
0.2165966386554622
0.553125
-0.034268707482993196
0.42678571428571427
0.3273809523809524
0.20694444444444446
-0.004523809523809501
0.6085714285714285
0.07254901960784318
0.5428571428571428
0.03112244897959184
0.38333333333333336
0.223606346483705
0.43353174603174605
0.46049382716049375
0.41250000000000003
0.18397186147186145
0.004310344827586209
0.4595238095238095
0.5428571428571428
0.2689583333333333
0.425
0.3161363636363636
0.8125
0.3255555555555556
-0.018518518518518514
-0.11397321428571429
0.3
0.5708333333333333
0.2881944444444444
0.4458333333333333
0.010000000000000004
0.2571969696969697
-0.025000000000000005
-0.06999999999999999
0.41111111111111115
0.2683333333333333
0.575
-0.15
0.07948717948717948
0.1568181818181818
-0.05682508680555556
0.11398596938775511
0.3333333333333333
0.24134199134199139
0.22500000000000003
0.23529431216931218
-0.06
0.38
0.4
0.07932098765432098
0.265625
0.14621212121212124
0.36466145833333335
0.12989583333333335
0.37729166666666664
-0.008680555555555561
0.33444235588972426
0.42375000000000007
-1.0
0.31574074074074077
0.5458333333333333
0.17
0.10833333333333334
-0.20047619047619047
0.352
0.39921875
0.2812998405103668
0.47404761904761905
0.34487179487179487
0.5176282051282052
0.5425925925925925
0.13986638144841268
0.3298611111111111
0.175
0.255
0.37
-0.019444444444444445
0.17285353535353534
0.293617810760668
0.05376984126984128
0.65
0.1017857142857143
0.181875
0.10520833333333332
0.17500000000000002
0.3011111111111111
0.29107142857142854
0.1909090909090909
0.10851851851851851
0.06666666666666667
0.12366287094547963
0.4125
0.02718799840510368
0.3425595238095238
0.4354545454545455
0.12995230078563413
-0.26666666666666666
0.15747685185185187
0.4684659090909091
0.03720238095238097
-0.008974358974358975
-0.06607142857142857
0.5291666666666667
0.8000000000000002
0.15740740740740738
0.19666666666666663
0.1515686274509804
0.29393939393939394
0.4670634920634921
0.08571428571428572
-0.03471428571428572
0.20104166666666665
0.0666666666666667
-0.015530303030303033
0.23214285714285715
0.0
0.3888888888888889
0.06555555555555555
0.5921875
0.32875
0.09871794871794871
0.21860795454545456
-0.13915343915343914
0.1416666666666667
0.12918350168350165
0.5818181818181819
0.3601190476190476
0.0032589285714285654
0.13717948717948716
-0.029523809523809532
0.24444444444444444
0.0
-0.4
0.1201111111111111
-0.5232142857142857
0.4
0.1625
-0.7000000000000001
-0.027962962962962967
0.43333333333333335
0.38055555555555554
0.7395833333333333
-0.21833333333333335
0.445
0.35
0.09206349206349207
0.08208333333333334
0.3374793388429752
0.2619444444444444
0.29450757575757575
0.4233333333333333
0.7
0.24345238095238095
0.19090909090909092
0.19166666666666665
0.46115151515151515
0.5023809523809524
0.2906666666666667
0.2748579545454546
-0.22751736111111112
0.3024444444444445
0.0
0.3872727272727273
-0.2475
0.05
0.0916666666666667
-0.03237179487179487
-0.2952380952380952
0.14583333333333331
-0.14372294372294372
-0.11296296296296293
0.23333333333333334
0.42098717948717945
0.2350378787878788
0.10515151515151513
0.28866071428571427
0.24375000000000002
0.18696969696969695
0.44375
0.3933641975308642
0.14992063492063493
0.010185185185185186
0.27499999999999997
-0.09791666666666668
-0.30454545454545456
0.15330578512396695
0.26666666666666666
-0.3
0.21696428571428572
0.16333333333333336
0.2857070707070707
0.1375
0.3203463203463203
0.5368750000000001
-0.017989417989417986
0.05064102564102564
0.2571428571428571
0.4034951790633608
0.10104166666666668
0.2996212121212121
0.27334183673469387
0.2859143518518519
0.07465986394557823
0.0
0.28611111111111115
0.1549242424242424
0.4004220779220779
0.515
0.18333333333333335
0.2535714285714286
-0.029545454545454538
0.2847222222222222
0.4596875
0.3229166666666667
0.23333333333333336
0.20524553571428572
0.3416666666666667
0.39285714285714285
0.09061624649859945
0.02653061224489795
0.3439814814814815
0.16197390572390574
0.47222222222222215
0.1544871794871795
0.22556116722783395
0.14166666666666666
-0.004285714285714282
0.35
0.10803030303030302
0.03421717171717173
0.44540151515151516
0.24583333333333332
0.46
0.35000000000000003
0.37857142857142856
0.05130385487528345
0.55
0.1499482401656315
0.31190476190476196
-0.02999999999999996
0.12954545454545452
0.2507828282828282
0.1
0.15
0.43993055555555555
0.16093749999999998
0.375
0.29
0.4939285714285714
0.29965277777777777
0.13214285714285715
0.07767676767676768
0.22839826839826843
-0.10429924242424242
-0.14090909090909093
0.38
0.20192307692307693
0.2122222222222222
0.4940373118944547
0.0
0.5888888888888889
0.3763888888888889
0.07365056818181819
0.22142857142857147
0.1709114959114959
0.306
0.21564507860560492
0.12916666666666665
0.028571428571428564
0.044504743758146004
0.7833333333333335
0.10714285714285714
-0.1272727272727273
0.2677083333333333
0.28750000000000003
0.1953125
0.28214285714285714
0.11545893719806763
-0.020769230769230755
-0.16856060606060605
0.0
0.4690476190476191
-0.08419421487603307
0.5416666666666666
0.5688888888888889
0.1615805697278911
0.06874999999999999
-0.05156250000000001
-0.029820261437908488
-0.009895411178655857
0.052721088435374146
0.22222222222222224
0.31680555555555556
0.11153846153846156
0.052564102564102565
-0.006818181818181834
-0.1931051587301587
0.17708333333333334
0.34921874999999997
0.5583333333333333
0.23177083333333334
-0.1222222222222222
0.12095238095238095
0.06737528344671201
0.37000000000000005
-0.5833333333333333
0.36063492063492064
0.07969554030874786
0.01616666666666667
0.12083333333333336
0.1625
0.22803030303030303
0.11376050420168067
0.38021978021978026
0.20833333333333334
0.037500000000000006
0.004166666666666668
0.25
0.050833333333333335
-0.005050505050505043
0.29
0.24550865800865804
0.19738095238095238
0.013636363636363624
-0.1453125
0.07914835164835163
-0.07190972222222225
0.2833333333333334
0.4916666666666667
0.18756410256410258
0.21004464285714286
0.21829004329004328
0.38055555555555554
-0.019545454545454557
-0.08984848484848483
0.1925
0.4069444444444444
-0.13076923076923078
0.3612847222222222
-1.0
-0.007864583333333317
0.4652777777777778
0.24444444444444446
0.3608796296296296
-0.07450980392156864
0.13392857142857145
0.48265306122448987
0.10473359465737515
-0.05333333333333332
-0.06666666666666665
0.43333333333333335
0.33038194444444446
0.38
0.0075520833333333846
0.37500000000000006
0.26125000000000004
0.13896484374999998
0.10208333333333335
0.23566666666666666
0.10856643356643358
0.16339950525664812
0.07577777777777785
0.5051666666666668
0.455
0.3953125
-0.28
0.45999999999999996
0.15140350877192985
0.35
-0.08645833333333333
0.16000000000000003
-0.25
0.4270585317460317
0.24723562152133582
-0.5
-0.2652777777777777
0.45083333333333336
-0.00812005068102629
0.2767676767676767
0.49374999999999997
-0.12346938775510206
0.1875
0.12760119047619048
-0.09928977272727271
0.4513888888888889
-0.024546416546416552
0.005882352941176475
0.39999999999999997
0.31029411764705883
0.033333333333333326
0.19230769230769232
0.2656084656084656
0.12382551160960253
0.34740740740740744
0.2633522727272727
0.12962962962962965
0.31536458333333334
0.14104285714285714
0.10078546971450615
0.0
0.3640625
-0.15666666666666668
0.875
0.1255263157894737
0.4023809523809524
0.0326388888888889
0.48571428571428577
0.14550189393939397
0.04050017217630853
0.3060606060606061
-0.056673881673881675
0.1769607843137255
-0.29999999999999993
0.23025641025641025
0.17569444444444446
0.8209090909090909
0.7000000000000001
0.2857142857142857
0.2522916666666667
0.028571428571428564
0.5931972789115647
0.1411845730027548
0.16921487603305785
0.4270833333333333
-0.08140589569160997
0.4520833333333334
0.015048323769253998
0.35297619047619044
0.4576704545454546
0.019444444444444448
0.35555555555555557
-0.0323905723905724
0.33809523809523806
0.34740740740740744
0.37069964349376117
0.27411796536796534
0.04712365591397851
-0.195
0.1638888888888889
0.45357142857142857
0.2064980158730159
0.15454545454545454
0.44268907563025217
-0.21468253968253967
0.11525
0.2785714285714286
0.4
0.14444444444444446
0.07521832912457913
0.16333333333333333
0.03760406260406262
0.32666666666666666
-0.039833333333333346
0.3294642857142857
0.35000000000000003
0.09282106782106782
-0.39999999999999997
0.359375
0.4465909090909091
0.006000000000000005
0.24204761904761907
0.08750000000000001
0.09090909090909088
0.1642857142857143
-0.011160714285714284
0.13333333333333333
0.25758928571428574
-0.07749999999999999
0.10925925925925925
0.17222222222222225
0.4851190476190476
0.12575757575757576
0.16714285714285715
0.29050925925925924
0.07965367965367966
0.0
0.04609375000000001
0.46190476190476193
0.23311688311688314
0.44398148148148153
-0.25
0.1685846560846561
0.5285714285714286
0.11904761904761905
0.02556818181818182
0.2333333333333333
-0.15999999999999998
0.17761140819964347
0.09450617283950619
-0.09666666666666665
-0.007812500000000007
-0.07575757575757577
0.3444444444444445
0.007692307692307699
0.8000000000000002
-0.3765625
0.26914772727272734
0.23866213151927435
0.011363636363636359
0.225
0.08416666666666667
0.32476851851851846
0.3041005291005291
0.395
0.10075
0.08636363636363638
-0.12611860795454546
-0.01857142857142858
0.05666666666666666
0.01071428571428574
0.5233796296296297
0.018055555555555564
-0.8
-0.04094001236858381
0.044444444444444446
0.1837936507936508
0.15504201680672267
0.42309523809523814
0.1871428571428571
0.1452777777777778
0.2733333333333333
0.2598095238095238
0.22421875000000002
0.4063016528925619
-0.04583333333333335
0.4040404040404041
0.365
0.16857142857142857
0.26913580246913577
-0.1111111111111111
0.16176303854875282
0.4
0.20133928571428572
-0.19416666666666668
0.04672619047619048
-0.45
0.21416666666666667
0.175
-0.06636363636363639
0.021847587719298248
0.17566142191142192
0.55
0.19
0.49000000000000005
0.024999999999999994
0.10238095238095238
0.027499999999999997
0.2825
0.0875
-0.05454545454545454
0.17074652777777777
0.18666666666666668
0.32142857142857145
0.037500000000000006
0.12836700336700338
0.205
0.04999999999999999
0.11153846153846156
0.5291666666666667
-0.06363636363636363
0.4666666666666666
0.13333333333333333
0.4647252747252747
-0.06785714285714285
0.23458333333333337
0.13087889476778367
0.027294685990338154
0.23071428571428573
-0.315625
0.3016666666666667
0.02061360677083335
0.2118634259259259
0.7115833333333332
0.328125
0.2314632936507936
0.4142857142857143
-0.15416666666666667
0.270675505050505
0.09849999999999999
0.49486111111111114
-0.06071428571428572
-0.21602564102564104
0.11525000000000003
0.007440476190476185
0.17278447742733458
0.23362193362193362
0.3571428571428571
0.11897435897435897
0.221875
0.46190476190476193
0.022500000000000023
0.2505882352941177
0.26830466830466826
0.22532552083333332
0.13333333333333336
0.09545454545454546
0.2867647058823529
0.2694976076555024
0.25
0.2168154761904762
0.07747222222222222
0.16626328217237307
0.3333333333333333
0.78125
-0.10572916666666665
0.1275396825396825
0.3482142857142857
0.38640109890109886
0.3030303030303031
0.23
0.28730158730158734
0.15387205387205385
-0.02202380952380954
0.14782828282828284
0.36904761904761907
0.038141025641025665
0.4438461538461539
0.15333333333333335
0.16483193277310926
-0.004411764705882357
0.20833333333333334
0.48250000000000004
0.36047979797979796
0.030471809936095644
0.26187499999999997
0.38362165178571433
0.12009803921568629
0.15625
0.4583333333333333
0.1897222222222222
-0.0386904761904762
0.0476199494949495
0.03666666666666666
-0.30000000000000004
0.29870766488413547
0.49765625
0.6
0.4289772727272727
0.18
0.31166666666666665
0.11645021645021644
0.132521645021645
0.08571428571428572
0.220625
0.28498168498168497
0.4051785714285715
-0.125
-0.0979166666666667
0.05054347826086956
0.08198051948051947
0.30867063492063485
0.3817708333333334
0.5
0.4025
0.4291666666666667
0.2242476851851852
0.5805555555555556
0.19391304347826085
0.18206521739130438
-0.07026515151515152
-0.08525641025641024
-0.16916666666666666
0.011787878787878783
0.441875
-0.03499999999999999
0.25416666666666665
-0.2361111111111111
0.1125
0.2575
0.29431818181818187
0.5
0.11640211640211641
0.25945970695970694
0.05714285714285713
0.30476190476190484
0.2788461538461538
-0.2847222222222222
0.16
0.15000000000000002
-0.075
-0.17760416666666667
0.526
0.21182697510822512
0.0035714285714285704
0.20795833333333333
-0.08875
-0.35000000000000003
0.029166666666666667
0.3239642803485577
0.17500000000000002
0.5770833333333334
-0.3901515151515152
0.3340909090909091
0.48933333333333334
0.19749999999999998
-0.11666666666666665
-0.08724747474747474
0.2991071428571429
0.006944444444444457
0.21944444444444444
0.059944444444444446
0.33714285714285713
0.2527356902356902
-0.04871527777777778
0.27176767676767677
0.05166666666666667
0.17310281120023766
0.5
0.2206349206349206
0.08333333333333333
0.11203703703703703
0.6944444444444445
0.06887254901960785
0.0425925925925926
0.29629629629629634
0.05833333333333333
-0.029976851851851862
-0.1242857142857143
-0.03125
0.020182291666666668
0.5333333333333333
-0.1313802083333333
-0.1499999999999999
1.0
0.1551948051948052
0.26420454545454547
0.16602564102564102
0.20055074555074556
0.34764705882352936
0.12253535353535355
0.2548295454545455
0.6060000000000001
0.22314285714285717
0.08358585858585858
0.5203125
0.45149999999999996
-0.20625
-0.025833333333333337
0.0880952380952381
-0.015334467120181411
0.13806666666666667
-0.04999999999999999
0.05136904761904763
0.08793650793650792
0.053750000000000006
0.2625
-0.06148351648351648
0.2504166666666667
0.12
0.16597222222222224
-0.09625220458553792
-0.06388888888888888
-0.11367260796988987
-0.04545454545454545
0.1259259259259259
0.11928030303030304
0.039701542588866524
-0.03690476190476189
0.04846257908757908
0.101984126984127
0.14300144300144296
0.090625
0.6
-0.24621212121212124
-0.06555555555555556
0.022727272727272724
0.05475000000000002
0.2214285714285714
0.014583333333333337
-0.1645833333333333
-0.13863636363636364
-0.043750000000000025
0.20350877192982458
0.01439393939393939
-0.13333333333333336
0.37976190476190474
0.2804166666666667
0.30166666666666664
0.1544642857142857
0.4222222222222222
0.011363636363636374
0.19090909090909092
0.135
-0.125
0.21964285714285717
-0.05
0.4
0.2814419404125287
0.16282051282051282
0.4385714285714286
0.2748942550505051
0.2215909090909091
0.04230769230769231
0.33125000000000004
0.15
0.16458333333333336
0.16074074074074074
-0.1688888888888889
-0.35
0.0
0.08519444444444446
0.28358585858585855
0.16266151489835695
0.1462962962962963
0.20497835497835495
0.4018333333333334
-0.09444444444444446
0.05546861471861474
-0.04607843137254902
-0.16153846153846155
0.0531393298059965
-0.16904761904761903
0.5
0.21599271940181036
0.2814625850340136
0.22268353174603173
0.0
-1.0
0.07501574703955657
0.15536954365079367
0.06111111111111111
0.16499999999999998
-0.22472222222222224
-0.07986111111111112
-0.0010119047619047694
0.1588888888888889
0.281439393939394
0.0
-0.030000000000000006
0.06388888888888888
0.75
-0.05516774891774893
0.7
0.7000000000000001
0.78
0.225
-0.041666666666666664
0.021153846153846172
0.216025641025641
0.035249125874125875
-0.03759994121105232
0.33749999999999997
0.10020027864855452
-0.05223671497584542
-0.4278571428571428
0.07386363636363637
-0.09909523809523808
0.19166666666666668
0.20522727272727276
0.18285714285714286
0.4574242424242424
0.030795454545454546
0.31354166666666666
0.30976190476190474
0.15625
0.3924242424242424
0.22361111111111107
-0.0357142857142857
0.4142857142857143
0.19920634920634922
0.3238095238095238
0.16363636363636364
0.30357142857142855
0.34
0.34375
-0.009999999999999998
-0.0047979797979798
0.59375
-0.06379697732822734
0.2619047619047619
-0.3033119658119658
0.16071428571428567
0.30909090909090914
0.8
0.25233333333333335
0.28021929824561403
0.388
0.3245421245421246
0.2190476190476191
0.3563360881542699
0.12187500000000001
0.08214285714285717
0.4145833333333333
0.3427083333333334
0.25285714285714284
0.2833333333333333
0.06559139784946237
0.41041666666666665
0.3423387096774193
0.051428571428571435
0.2642857142857143
0.5416666666666667
-0.10689033189033188
0.0
-0.0988095238095238
0.30429830586080586
0.12641456582633054
0.1625
-0.025
0.1954545454545454
0.004166666666666652
0.0
-0.1
0.13655555555555557
0.16666666666666666
0.0350765306122449
0.26646825396825397
0.4916666666666667
0.26390151515151516
0.18273809523809526
0.11402691511387164
0.05083333333333334
0.09772727272727272
0.4034259259259259
0.03313725490196078
0.11547619047619048
0.44453125000000004
0.02265151515151515
0.125
0.09743589743589744
0.5427564102564103
0.08294270833333338
0.07166666666666668
0.20337752525252525
0.03376543209876545
0.18625000000000003
0.28993386243386243
0.18000000000000002
0.1323611111111111
0.29687870998008586
-0.15
0.2824999999999999
0.5333333333333333
0.09915329768270945
0.010937499999999989
0.52
0.44717948717948713
0.25
0.4913194444444445
0.405
0.340625
0.054058441558441514
0.26202380952380955
0.24811097992916176
0.3464285714285715
0.12652383207070708
0.4161111111111111
0.27936868686868693
0.18741258741258743
0.2988095238095238
0.09325396825396826
0.21943929086786232
0.3827426046176046
0.5729166666666667
0.43281250000000004
0.3392857142857143
0.2425
0.1691729797979798
0.29375
0.29812500000000003
0.2653846153846154
0.44750000000000006
0.2995238095238095
0.022222222222222213
0.016666666666666663
0.30644781144781147
0.4625
0.45625
0.6000000000000001
0.09722222222222222
-0.3666666666666667
0.34078282828282824
0.5072222222222222
0.27671130952380957
-0.1148611111111111
0.35781746031746026
0.665
0.24761904761904766
0.032812499999999994
0.05833333333333333
0.12666666666666665
0.34708333333333335
0.36331277056277056
0.2857985873775348
-0.08991228070175437
0.3061868686868687
-0.33999999999999997
0.45816326530612245
0.6
0.02083599327501767
0.01230769230769231
-0.03436190476190476
0.25795738927291345
0.5142857142857142
0.09999999999999998
-0.017575757575757547
0.10772727272727271
-0.325
0.01716666666666667
0.2775
0.5
0.12878787878787878
-0.012280701754385968
0.135
0.2328125
-0.1732828282828283
-0.1111578482168692
0.34791666666666665
0.16326530612244897
0.3425
0.485
0.42727272727272725
0.10648148148148147
0.031502525252525254
0.34375
0.2525852272727273
0.2864285714285714
0.03625000000000003
-0.01333333333333333
-0.13333333333333333
0.22777777777777777
0.05491228070175438
0.20250000000000004
0.1125
0.3070952380952381
0.19124999999999998
0.513888888888889
-0.016696428571428567
0.3971212121212122
0.3971212121212122
-0.2616666666666666
0.0
0.049999999999999996
0.5770833333333334
0.2196942640692641
0.05414862914862916
-0.1368055555555556
0.4
0.19559027777777782
0.0964705882352941
0.5943055555555555
0.33993055555555557
-0.027777777777777773
0.17777777777777778
0.3415945165945167
0.09166666666666669
0.04
0.5866666666666667
0.24807692307692308
0.13517857142857143
0.0
0.38560090702947847
0.2347222222222222
0.06923209366391186
0.39280701754385966
0.18382161458333335
0.17272727272727273
-0.020833333333333332
0.36750000000000005
0.006906565656565652
-0.06379697732822734
0.3596069109461966
-0.06833333333333334
0.16650432900432896
0.15761562998405104
-0.014692982456140364
-0.009999999999999986
0.16893939393939394
0.4642857142857143
0.3261904761904762
0.09398148148148147
0.16249999999999998
0.019972527472527483
0.15416666666666673
0.07953323558162267
0.1833333333333334
0.2916666666666667
0.19509552042160738
0.15226791726791727
0.28589230817491684
0.15687500000000001
0.11326388888888889
0.06217948717948717
0.19356060606060607
0.3174107142857143
0.2978571428571429
-0.19666666666666663
0.11961805555555556
0.2
-0.19791666666666666
0.26870149911816577
-0.07402093596059113
0.3561904761904761
-0.26004464285714285
0.015892225829725822
-0.16666666666666666
0.42443181818181813
0.05
0.12388095238095236
-0.021969696969696972
0.1814814814814815
-0.18333333333333332
-0.07874331550802138
0.37777777777777777
0.5464285714285715
0.108743842364532
0.75
0.26
0.2333333333333333
0.23046875
-0.11238859180035651
0.33999999999999997
0.2533333333333333
0.007407407407407412
0.275
0.275
-0.010000000000000005
0.3525482093663912
0.17150856389986827
-0.20407092907092902
0.1130952380952381
0.0
0.3375000000000001
0.3066666666666667
0.43809523809523815
0.07857265840220387
0.12583333333333332
0.4227272727272727
-0.12766666666666668
-0.32333333333333336
-0.2212890625
0.030982446550048594
0.0775
-0.15
0.3801020408163266
0.05109931359931361
0.3566666666666667
0.11813725490196078
0.07486772486772487
0.4
0.68125
0.15648148148148153
0.25
0.2639069264069264
0.3111111111111111
-0.0625
0.1541666666666667
0.33999999999999997
-0.10559259259259259
0.04464285714285713
0.25425
0.1416666666666667
-0.2330357142857143
0.025945479641131818
0.16666666666666666
0.1790719696969697
0.30092592592592593
0.19821428571428573
-0.028613516113516115
0.1683333333333333
0.21212121212121213
-0.225
0.3256385281385281
0.32772727272727276
0.09229797979797978
-0.06145833333333333
-0.11474358974358977
0.12083333333333333
0.37293792517006796
0.02396305245142454
0.7888888888888889
0.033333333333333326
-0.27030303030303027
0.21555555555555553
0.33296296296296296
0.07976190476190477
5.551115123125783e-18
0.3671296296296297
0.22005012531328316
0.07471552257266544
-0.039999999999999994
-0.07606481481481481
0.2761011904761905
0.21114332096474955
0.3275757575757576
-0.0046296296296296224
-0.029350198412698425
-0.08499999999999999
0.302
-0.007954545454545457
0.26944444444444443
0.14181818181818182
0.49166666666666664
0.03611111111111112
0.05486111111111113
-0.7499999999999999
-0.14999999999999997
0.0206561748798077
0.20875000000000002
0.353125
-0.25
0.142578125
-1.0
0.06847826086956522
0.7333333333333334
-0.019690476190476182
-0.10625
0.525
0.16666666666666666
0.29455172020961495
0.28764880952380956
0.39
-0.10833333333333334
-0.35000000000000003
0.16921487603305788
-0.04642857142857142
-0.024285714285714282
0.22687074829931977
0.3138888888888889
0.19712121212121214
-0.04811265969802554
0.442
-0.0125
0.20883838383838382
-0.16666666666666666
0.05395943562610229
0.32499999999999996
0.15885416666666666
0.0625
0.15371917937135327
-0.007857142857142854
0.024999999999999984
0.2511111111111111
0.425
0.42266666666666663
0.13333333333333333
0.23000000000000004
0.09518026244588744
0.2595959595959596
-0.11785714285714285
0.4033333333333333
0.575
0.4351469494047619
0.140625
0.2338744588744589
0.2773809523809524
0.32738095238095244
0.2523809523809524
0.23148148148148145
0.255
0.18916666666666668
0.345469696969697
0.45032670454545465
0.3413541666666667
0.42000000000000004
0.0033057851239669434
0.25999999999999995
0.16071428571428573
0.445
0.37896464646464645
0.31237373737373736
-0.023575036075036068
0.3821428571428571
0.33629058441558446
0.31504329004329007
0.527037037037037
0.10530303030303031
0.15375
0.13715277777777776
0.7734375
0.2991695702671313
0.17962962962962964
0.201979797979798
0.15297619047619046
-0.2740740740740741
0.20027389277389276
-0.10912337662337661
0.445
0.12330246913580248
0.08142857142857143
0.169484126984127
0.4
0.4375
0.09318181818181821
0.2270833333333333
0.07291666666666667
0.403125
0.05892857142857142
0.4992424242424242
0.1758116883116883
0.3666666666666667
0.27421875
-0.09902597402597402
0.275
0.0038961038961038974
0.07976190476190476
0.4
0.0976190476190476
0.11752136752136752
0.325
0.09529868007809185
0.4351469494047619
-0.02196969696969697
-0.07510330578512397
-0.17727272727272728
0.282202380952381
0.3145
0.217
0.5825000000000001
0.1266581632653061
0.12579880437023294
0.06064814814814815
0.26881764069264075
0.33644444444444443
0.4666666666666666
0.303921568627451
0.17421449518223714
0.08333333333333333
0.45
0.15647186147186146
-0.009722222222222207
-0.027571022727272743
0.3416666666666667
0.15735930735930737
0.16
0.06834557985873775
0.18333333333333335
0.4051948051948053
0.27403508771929824
0.36399147727272735
0.1699404761904762
0.4479166666666667
0.4824074074074074
-0.003409090909090917
0.45937500000000003
0.15984848484848485
0.375
-0.11086700336700336
0.4479166666666667
0.2359375
0.0
0.2866161616161616
-0.05555555555555555
0.2767857142857143
0.12619047619047621
-0.04618055555555556
0.07560606060606061
0.2479166666666667
0.26361111111111113
-0.08333333333333333
0.2981481481481481
0.5064236111111111
0.17761437908496733
0.3178571428571428
0.08612440191387559
0.04583333333333334
-0.15000000000000002
0.013284722222222222
-0.02810245310245311
0.052296777296777286
0.09166666666666667
0.1695362718089991
0.3657407407407407
-0.01999999999999997
0.12828947368421054
0.2845082310267857
0.26022727272727275
-0.5
0.1683641975308642
0.21857142857142858
0.3457395186335404
0.1316912972085386
0.3498148148148148
0.07500000000000001
0.3275641025641025
0.2902777777777778
0.125
0.315625
0.3333333333333333
0.5665178571428572
0.5333333333333333
0.525
0.33444444444444443
0.1811309523809524
0.3199722222222221
0.08240740740740743
0.0942857142857143
0.7999999999999999
0.05721897546897546
-0.02999999999999999
-0.23125
-0.0694927536231884
0.14537037037037037
0.20020202020202021
0.1807204700061843
-0.014285714285714282
0.05935773048566018
0.016666666666666673
0.3617045454545455
0.1275793650793651
-0.17265625
0.4958333333333334
0.275
0.05631313131313131
0.25833333333333336
0.025000000000000012
0.08148148148148147
0.09623015873015874
0.2621212121212121
0.20052139037433156
0.0
0.5
-0.07935606060606061
0.10493970315398886
0.30642857142857144
-0.14958333333333335
0.07222222222222223
0.17
0.33539377289377287
-0.15068181818181817
0.29000000000000004
0.019832057823129263
0.20862708719851578
0.27109374999999997
0.1761904761904762
0.1665838068181818
0.48125
0.3999071067821068
0.12571022727272724
0.30995670995670993
0.25081738437001594
0.28451548451548453
0.5339583333333333
0.19166666666666665
0.12777777777777777
0.6044642857142857
0.2109375
0.24010442260442258
0.14328514739229023
0.11966666666666667
0.0
0.24444444444444446
0.26875000000000004
0.2334928229665072
0.2061437074829932
0.18710317460317458
0.4414772727272728
-0.0934173669467787
0.10315882034632033
0.4498
0.30625
0.09722222222222222
-0.054166666666666675
0.43279220779220784
0.12890625000000003
0.06345238095238095
0.12798295454545455
0.7777777777777777
0.321875
0.425
-0.012820512820512818
0.4169444444444444
-0.036458333333333336
0.25999999999999995
0.19333333333333333
0.20783333333333337
0.44062500000000004
0.18589285714285714
-0.16666666666666663
0.20147186147186147
0.05833333333333333
0.20892857142857144
-0.15202020202020206
0.228030303030303
0.35
0.43333333333333335
0.4791666666666667
0.12259615384615387
0.1619047619047619
0.5375
0.35531250000000003
0.26764705882352946
0.26071428571428573
0.3708333333333333
0.18179797979797982
0.11488095238095238
0.19440559440559443
0.125
-0.09250000000000003
0.24285198928056076
0.07435185185185184
0.36666666666666664
-0.013938492063492066
-0.1
-0.5833333333333334
0.18413461538461537
0.11249999999999998
0.2869444444444445
0.028738445778540105
0.26
0.4583333333333333
0.07954545454545453
0.5844444444444444
0.1980716253443526
0.024583333333333332
-0.5333333333333333
-0.17556818181818185
0.15286713286713288
0.3178571428571429
-0.1558333333333333
0.43083333333333335
0.3458333333333334
-0.2
0.30261707988980713
0.041666666666666685
0.04794791666666666
0.17334656084656086
0.42026190476190467
0.46875
-0.020833333333333332
0.255
0.2803769841269841
-0.3333333333333333
-0.05303125000000001
0.17255892255892258
0.3486824769433465
0.22017045454545453
-0.043706473918876276
0.39417748917748924
1.0
0.07183908045977012
0.2237412217412217
0.1851449275362319
0.36173160173160174
0.27749999999999997
-0.043005952380952395
0.1942550505050505
0.3112380952380952
-0.020833333333333315
-0.28500000000000003
0.17879310215247715
0.5470899470899471
0.3738095238095238
-0.08333333333333334
0.014393939393939395
-0.06344287469287466
0.0015306122448979567
-0.21296296296296294
-0.01527777777777776
-0.02857142857142858
-0.11833333333333336
-0.18749999999999997
0.28125
0.3190476190476191
0.29500000000000004
-0.21414141414141416
0.08823626893939393
0.24250000000000005
-0.20833333333333331
0.26224489795918365
0.2
0.3337053571428571
-0.02298976608187135
0.32412619047619046
0.5508333333333334
-0.1378205128205128
-0.05347673160173161
0.21875
-0.486111111111111
0.10347645551727186
0.21875
0.15647293244949495
0.09004629629629632
0.19739583333333333
0.8125
-0.0625
0.1203125
0.5529761904761905
0.27311060606060616
0.17424242424242425
-0.17593509734623014
0.12363636363636363
-0.1333333333333333
0.33451388888888883
-0.10273809523809521
-0.032575757575757584
0.27071428571428574
0.06671875000000001
-0.35150960286458327
0.26250000000000007
0.35000000000000003
0.26481481481481484
-0.17094444444444443
0.4857142857142857
-0.006249999999999999
0.03576604554865424
0.031026785714285705
0.12112403100775194
-0.01758241758241758
-0.5
0.48863636363636365
0.5083333333333333
0.11529017857142856
0.5414285714285715
0.3125
0.3365873015873016
0.12261904761904761
0.3887794612794613
-0.1361111111111111
0.04787878787878788
-0.25
-0.14333333333333334
0.003811553030303034
-0.325
0.1313578005420918
-0.11363636363636363
0.02708333333333332
0.3010227272727273
0.07250000000000001
-0.06749999999999998
-0.4666666666666666
0.2578174603174603
0.07168253968253968
0.1333994708994709
0.27113095238095236
0.11882211538461537
0.31220779220779216
0.039233954451345754
0.08904320987654321
0.2
0.14740259740259737
0.21923076923076923
0.26734681372549013
0.134375
0.11433566433566433
0.2805555555555555
-0.09545454545454544
0.6874285714285715
0.16249999999999998
-0.07881249999999995
0.49600000000000005
0.25555555555555554
0.06666666666666665
0.2849025974025974
0.1925438596491228
0.09622549019607843
-0.10686147186147187
0.11131368631368632
0.21991666666666668
-0.14868421052631578
0.13194444444444445
0.2535
0.27142857142857146
0.0156060606060606
0.14652777777777778
-0.04857142857142858
0.04655612244897959
0.20194382440476194
0.5333333333333333
0.135530303030303
0.175
0.04826298701298701
0.1645863395863396
0.20227272727272733
0.20577020202020205
0.0454989346590909
0.26944444444444443
0.15119047619047618
0.12826756980100004
-0.08194444444444444
-0.23750000000000002
-0.28429487179487173
0.0959090909090909
0.16587301587301587
0.31952380952380954
0.1875
0.53125
0.1759700176366843
0.46979166666666666
-0.06757478632478635
0.15394736842105264
-1.0
0.3754734848484848
-0.05416666666666667
0.22172619047619047
0.02699404761904762
0.2169444444444444
0.2527777777777777
0.27571839080459776
0.369375
-0.19999999999999996
-0.01992753623188406
0.3464525531286895
0.3416666666666667
0.18988095238095237
0.23247126436781615
0.20737373737373735
0.27999999999999997
0.19166666666666665
-0.3
0.2928571428571428
-0.06809259259259261
-0.08646125116713353
0.014141414141414135
0.18708333333333332
0.024305555555555563
0.4761111111111111
0.16875
0.303125
-0.03931878306878308
-0.1303030303030303
0.12166666666666667
0.1876493506493506
0.55
0.0697916666666667
0.225
-0.04
-0.4444444444444444
0.06770833333333333
0.18388888888888888
0.3319602272727273
-0.014880952380952384
0.14531249999999998
0.06805555555555556
0.28214285714285714
0.28171487603305784
-0.133008658008658
0.0
-0.039656084656084646
0.20833333333333334
0.20875000000000002
0.6333333333333333
0.007083333333333335
0.36500000000000005
0.0
0.26658380681818183
0.26691176470588235
0.262
-0.3
0.22729591836734694
0.07604166666666669
-0.23125000000000004
0.16666666666666669
0.06666666666666667
0.3329545454545455
0.05368622448979592
-0.09999999999999998
-0.24074074074074078
0.20283163265306123
0.10416666666666667
0.39166666666666666
-0.06666666666666667
0.2709659529320988
0.15595454545454546
0.06394688644688645
0.12749999999999997
-0.0857142857142857
0.35694444444444445
0.25988455988455994
-0.05833333333333332
0.09345238095238093
0.0009765625000000139
0.043434343434343436
0.4
0.3433333333333334
0.4714285714285715
0.18657407407407411
0.036778273809523816
0.09404761904761905
-0.036483516483516464
0.30476190476190484
0.26
0.3614748677248677
0.004385964912280704
0.1020808080808081
0.0482142857142857
-0.1037037037037037
-0.0522881880024737
0.575
-0.19464285714285712
-0.15272727272727266
0.546875
0.06818181818181818
0.2285714285714286
0.07222222222222223
0.2688793628246753
0.10277777777777779
0.34791666666666665
0.09387755102040816
-0.031249999999999972
0.49821428571428567
0.16666666666666669
-0.03503086419753085
0.45
0.16534264346764346
-0.07708333333333335
0.41868444055944054
-0.023497732426303864
0.02005928853754942
-0.303125
0.28593749999999996
0.24722222222222223
-0.11352292768959432
0.2503205128205128
0.46011904761904765
0.175
0.06999999999999999
0.21428571428571427
-0.9374999999999999
-0.09785714285714286
-0.10999999999999999
-0.02
0.2357142857142857
0.27005440848214285
0.023966033966033952
0.03854166666666666
-0.3333333333333333
0.1172222222222222
0.009999999999999998
0.32017045454545456
0.3504249427043545
0.004166666666666661
-0.00874999999999999
0.014772727272727292
0.03200396825396825
0.328515625
-0.02713529856387
0.009794372294372307
0.11923400673400675
0.21188271604938272
0.11296296296296299
0.11000000000000001
0.054603174603174605
0.30015151515151517
0.15911412921976303
0.4511904761904762
0.09621212121212118
0.11111111111111109
-0.16428571428571423
-0.2304036458333333
0.11200396825396826
-0.1522727272727273
0.0861111111111111
0.31600649350649346
-0.10416666666666666
0.0763888888888889
0.20142857142857143
0.52
-0.08413419913419913
0.234375
0.06710622710622711
0.1330357142857143
-0.33971354166666673
0.08989898989898991
0.14166666666666666
-0.27666666666666667
0.08333333333333333
0.18883928571428574
-0.16499999999999998
-0.22252197265625
0.14350446428571428
-0.10416666666666669
0.3583333333333333
0.5
0.23125
0.025000000000000033
-0.22708333333333336
0.27587412587412585
0.3173280423280423
-0.020032467532467527
-0.3
0.1683673469387755
0.48162337662337656
0.020809523809523806
0.1487229437229437
0.03308080808080808
-0.16
-0.045
0.07625
0.6588541666666666
-0.060416666666666646
0.33
0.04464285714285714
0.5075000000000001
0.16284391534391535
0.21488095238095237
0.18544973544973542
0.0676984126984127
0.1766666666666667
-0.030000000000000006
0.27420634920634923
0.45
0.1105263157894737
0.1267174854131376
0.12960634920634923
-0.0074796195652174
-0.125
0.20025252525252524
0.08727272727272725
0.17925324675324672
-0.06979166666666667
0.375
0.28030303030303033
0.16533333333333333
-0.09784733495670993
0.3833333333333333
0.32187499999999997
0.2991666666666667
-0.20555555555555557
0.011842105263157897
0.6076171874999999
0.1553571428571429
0.06517210144927536
0.38125
0.13706300013118197
0.1758741258741259
0.040172727272727284
0.55
0.0
0.09382284382284382
0.2876736111111111
-0.49333333333333335
0.08595959595959596
0.033333333333333326
0.4875
-0.010937499999999989
0.314021164021164
0.3333333333333333
0.4340909090909091
-0.28374255952380956
0.8
0.03928571428571427
0.355
0.11542857142857144
0.3416666666666666
-0.08295454545454543
0.2666040100250626
0.1504166666666667
0.3760714285714286
0.10492063492063491
-0.04928571428571428
-0.004752066115702482
0.535
-0.037581699346405234
0.2267857142857143
0.11406249999999998
0.075
0.3055555555555556
-0.0948717948717949
0.01217206179676512
0.1420681818181818
-0.039999999999999994
0.318734335839599
0.3555555555555556
0.2919047619047619
0.34329861111111115
-1.0
0.23796296296296296
0.17098814229249015
-0.38095238095238093
0.19166666666666665
0.1198953823953824
0.49226190476190473
-0.06781537176274019
0.07407407407407407
0.25
0.06926976532239691
0.2444444444444445
-0.6083333333333333
0.025148809523809518
0.0185
0.13781308758581484
-0.047451790633608826
0.5
-0.2513392857142857
0.1733333333333333
0.21000000000000002
0.2948642266824085
0.32208333333333333
0.41426767676767673
0.2375
-0.033333333333333326
0.3485714285714286
0.4791666666666667
0.6927083333333334
-0.07629017447199266
0.65
-0.30081845238095234
0.06354166666666669
0.010648148148148137
0.1436111111111111
-0.013782354797979797
0.00320512820512823
0.11424825174825176
-0.034166666666666665
0.20000000000000004
0.052910052910052914
0.3068903318903319
0.44583333333333336
0.11428571428571428
0.08416466346153847
0.2506944444444444
-0.06388888888888888
0.39351325757575756
0.21923076923076923
0.10509070294784581
0.3164285714285714
0.30303030303030304
0.5675000000000001
0.32077581369248037
0.09738095238095239
0.286969696969697
0.12037037037037039
0.5580406336088154
-0.07075945071010861
0.17708333333333334
0.2735085227272728
0.625
-0.2586458333333333
0.27571022727272726
0.0682637085137085
0.22007575757575762
0.18579545454545454
-0.07
0.032321428571428584
0.08518518518518518
0.7138888888888889
-0.018981481481481488
0.1787037037037037
0.047948717948717946
-0.03492063492063492
-0.020557851239669425
0.008333333333333331
0.38742236024844723
0.1790922619047619
0.08630952380952381
0.2571428571428572
0.24552218614718616
0.42121212121212126
0.29649452110389607
0.3231481481481482
-0.024074074074074074
-0.038888888888888896
0.2345833333333333
-0.010000000000000004
0.14999999999999997
-0.009401709401709398
-0.09960317460317461
-0.175
0.12659313725490196
0.3389795918367347
0.07985114300903773
0.2875
0.06147959183673469
-0.14416666666666667
0.038533057851239685
0.13500000000000004
0.18409090909090908
0.4943181818181818
0.3
-0.20111111111111113
0.35606060606060613
-0.0949579831932773
-0.06999999999999999
-0.20783056812468578
0.5
0.05000000000000001
-0.09663461538461539
0.775
0.11515151515151514
0.1841592261904762
0.5560763888888888
0.16666666666666663
-0.16363636363636364
0.16818181818181818
-0.375
0.02027777777777779
0.2583333333333333
0.1652272727272727
0.15833333333333333
0.4429761904761905
0.30324074074074076
-0.09291666666666663
0.5825
0.049427319524338854
0.020343915343915345
0.3728703703703704
0.04527777777777778
-0.001388888888888884
0.09397321428571434
-0.1461904761904762
0.1867296918767507
-0.125
0.6
0.1993333333333333
0.3334375
0.3666666666666667
0.30142857142857143
-0.20520833333333335
0.3675925925925927
0.07272727272727275
0.9033333333333333
-0.11666666666666665
-0.16620370370370371
-0.02984848484848482
0.14375
0.5106481481481482
0.3086516424751719
0.5796296296296296
0.17357142857142857
-0.015625
0.16380952380952382
0.057142857142857134
0.125
0.385
0.1433333333333333
0.19601521164021166
0.3196428571428572
0.1619047619047619
-0.25
0.2870238095238095
0.08
0.3040178571428571
0.5428571428571429
0.3085714285714286
0.585
0.053750000000000006
0.056944444444444436
0.0020833333333333376
0.2835227272727273
0.1921875
-0.19702380952380952
0.0
0.3325
0.1921875
0.5677083333333333
0.27241161616161613
0.06875000000000003
0.0875
0.22363782051282047
0.0402777777777778
0.17801136363636366
0.11666666666666665
0.18095238095238098
0.0
-0.23750000000000002
0.11435185185185187
0.23613095238095239
0.19305555555555554
0.2343055555555555
-0.033958333333333326
0.14532828282828283
0.3354166666666667
0.24954545454545457
0.031465435606060604
0.06600000000000002
0.013438644688644686
0.0732142857142857
0.35681818181818176
0.25520833333333337
0.18819444444444444
0.30246212121212124
0.3499999999999999
0.28793722943722944
-0.0005952380952380971
0.009323793490460164
-0.19480519480519481
0.02206790123456788
-0.08392857142857144
0.09203703703703706
0.19489795918367345
0.375
0.335217803030303
0.2571428571428572
0.19287878787878787
0.3239136904761905
0.12195378151260504
0.5095
0.4479166666666667
0.08924603174603177
0.34732388823297905
0.29642857142857143
-0.13303571428571428
0.20367063492063495
0.4266666666666667
0.03484848484848485
0.12424665178571428
0.19
0.13636363636363635
-0.03174603174603174
-0.16171875
0.3806818181818181
0.45000000000000007
-0.03607142857142857
0.1590909090909091
0.17500000000000002
0.22654356060606065
0.1
0.3595238095238095
0.2392857142857143
-0.006249999999999992
0.11595238095238096
-0.07171052631578947
0.28600000000000003
0.155873440285205
0.3714285714285714
0.225
0.7464285714285713
0.008492063492063492
0.0
0.2703030303030303
0.3948412698412699
0.5
0.7222222222222223
-0.14367283950617285
0.23333333333333334
0.45
0.19015151515151515
0.49796296296296294
0.5188095238095238
0.40654761904761905
0.056886574074074076
0.0004398148148148188
0.10579710144927536
-0.010750000000000001
-0.015517241379310343
0.31022727272727274
0.2060714285714286
0.34069264069264066
0.21500000000000002
0.11384713863372402
0.10595238095238095
0.5
0.2645844155844156
0.3458333333333333
0.1973131313131313
0.38234126984126987
0.08333333333333334
-0.024999999999999994
-0.35
0.1
0.21666666666666665
0.5111111111111111
0.1256578947368421
0.2941666666666667
0.25
0.15555555555555556
0.3925
-0.3011904761904762
0.2
0.5170833333333333
-0.25575036075036073
-0.1111111111111111
-0.5
0.12491883116883115
0.06694214876033058
0.41833333333333333
-0.27412587412587414
0.12833333333333333
0.39416666666666667
0.04444444444444445
-0.013411458333333338
0.09010416666666667
0.4393939393939394
0.16944444444444445
0.09145502645502646
0.16666666666666666
0.2677976190476191
-0.014723389355742285
0.4393939393939394
0.4201388888888889
0.3595555555555555
0.251530612244898
0.10082070707070709
0.3338383838383838
0.07177374393283482
0.38019607843137254
-0.06882812499999999
-0.1340909090909091
0.19806818181818178
0.25677083333333334
-0.08690476190476192
0.0045454545454545435
0.6666666666666666
-0.000229978354978351
0.06000000000000001
0.21203703703703705
-0.05601156655844156
0.22928571428571426
0.08412698412698413
0.2579710144927536
-0.1469135802469136
-0.35
0.23750000000000002
0.1
0.24356818181818177
0.1753865182436611
0.18055555555555555
-0.0581196581196581
-0.31388888888888894
-0.13645833333333332
0.36071428571428577
0.12837301587301586
-0.3333333333333333
0.17750000000000002
0.20832248263888895
0.2636904761904762
0.64375
0.6194444444444444
0.15000000000000002
0.30773809523809526
0.3538461538461538
0.15122180451127817
-0.2
0.11667137210615472
0.05922619047619047
0.15425667828106854
-0.098
0.27261022927689593
0.21944444444444444
-0.06018518518518518
0.43333333333333335
-0.179875
0.3
0.16562500000000002
0.15833333333333333
-0.017424242424242422
-0.045015948963317384
0.1261904761904762
0.44000000000000006
0.4958874458874459
0.2293181818181818
0.3670664983164983
-0.1473958333333333
-0.1875
0.33174603174603173
0.2512152777777778
0.15991919191919193
-0.195
0.2162247474747475
0.17559523809523808
-0.2916666666666667
0.3330000000000001
0.36666666666666664
0.17981481481481482
0.058333333333333334
0.12777777777777777
0.175
-1.0
0.19483471074380165
-0.00723684210526317
0.12784281148538965
0.08091666666666666
-0.06785714285714285
-0.49416666666666664
0.18259259259259256
-0.07142857142857145
0.0
0.04474426807760141
0.22490723562152135
0.2696969696969697
0.16500000000000004
0.225
0.31666666666666665
-0.10000000000000002
0.19047619047619047
0.375
-0.09006944444444444
0.25
0.21212121212121213
-0.09981621773288439
0.65
0.0393027210884354
-0.02345833333333334
0.55
0.14375
0.7625
0.5287642045454546
0.6666666666666666
0.24880952380952379
0.07500000000000001
0.3180555555555556
0.3625
-0.24
0.2423537537024379
-0.055683940242763776
0.09691666666666669
0.9533333333333333
-0.3640625
0.07326680672268908
0.052250084430935505
0.040277777777777767
-0.14592013888888888
-0.011111111111111113
-0.03794642857142858
-0.23333333333333336
0.2431818181818182
0.48124999999999996
0.08945707070707071
0.38
0.6454166666666666
0.4575
-0.02515625000000002
-0.16127232142857142
0.28557823129251697
0.2866666666666667
0.017499999999999998
-0.11421356421356421
0.2309645061728395
0.13958333333333336
0.35625
-0.020833333333333353
0.15995370370370374
0.0691444520391889
-0.1871527777777778
0.4714285714285714
-0.3333333333333333
0.17981481481481482
0.42857142857142855
-0.28055555555555556
0.3562626262626263
-0.05916666666666668
0.10781249999999999
0.0034126984126984067
0.5625
0.6833333333333332
0.0625
0.009914231068077227
0.0
-0.05
0.525
0.31311363636363637
0.18888888888888888
0.40979166666666667
0.10026762187088274
-0.03425925925925927
0.3972451790633608
0.15357142857142855
0.24513888888888888
0.015476190476190485
0.3849644403215832
0.325
-0.275
-0.3333333333333333
0.5
0.10499999999999998
0.01702499612655862
0.1559375
-0.019999999999999997
0.21443850267379677
0.16406250000000003
0.14067047594589965
0.1578125
-0.07728937728937729
0.13055555555555556
0.4625
0.03863636363636363
0.25000000000000006
-0.06837474120082816
0.3666666666666667
-0.05714285714285714
0.2709375
-0.03333333333333336
0.3
0.0
0.0
-0.10000000000000002
0.40173160173160183
0.0
0.29583333333333334
0.47994791666666664
0.16249999999999998
-0.14583333333333331
0.21875
0.3727272727272727
0.14791666666666667
0.21944970538720537
0.5166666666666667
0.02426893628402249
0.0
-0.2575
-0.07106218434343435
-0.11944444444444446
0.4714285714285714
0.24916666666666668
0.100468253968254
0.5266233766233767
0.07262820512820514
0.0
0.2187991718426501
0.3859722222222222
0.0
0.05714285714285714
0.44749999999999995
0.06874999999999999
0.2777084757347915
-0.3416666666666667
-0.13095238095238096
-0.06287878787878788
0.35657894736842105
0.5583333333333333
0.03431817917596728
0.4
0.04404761904761905
0.07666666666666667
-0.2
0.33952380952380956
0.19064993564993563
0.0
-0.02
1.0
-0.02999999999999998
0.13892857142857143
0.34942708333333333
0.5034722222222222
-0.14466666666666664
0.07787698412698413
0.11325396825396823
0.13437646067040596
0.37878787878787873
0.32916666666666666
0.3284722222222222
-0.16285714285714287
0.2431944444444445
0.5666666666666667
-0.04463383838383838
0.43561242678889733
0.3263888888888889
-0.13931818181818184
0.60625
0.3705
-0.010606060606060605
0.26249999999999996
-0.11034482758620691
0.09306068931068932
0.28575757575757577
-0.050292397660818715
0.275
0.426
0.25999999999999995
0.01716666666666667
0.08333333333333333
0.24750000000000003
0.17457305194805192
-0.08586691086691087
0.33782467532467536
0.15170454545454545
0.38499999999999995
0.3265625
0.29583333333333334
0.39275793650793644
0.50875
0.0650909090909091
0.13391304347826088
-0.18095238095238095
0.0625
0.17509995791245792
-0.05
0.2586401515151515
0.1436574074074074
0.1623015873015873
0.7234375000000001
0.3329166666666667
0.43125
0.47250000000000003
-0.25555555555555554
-0.25306122448979596
0.64
0.215
0.1675925925925926
0.32375000000000004
-0.03206521739130436
0.338962215320911
-0.3333333333333333
0.322874149659864
0.16243957431457434
-0.051041666666666645
0.25625
0.11001984126984127
0.38233333333333336
0.471875
0.17666666666666667
0.12936507936507938
0.05654761904761905
0.21875
0.48333333333333334
0.29370370370370374
-0.7374999999999999
0.8
0.18409090909090908
0.3375
0.2564285714285714
-0.19166666666666668
0.28563636363636363
0.3531746031746032
0.15
0.11495726495726494
0.4291666666666667
0.07821750321750323
0.33999999999999997
0.0012752525252525434
0.25
0.2119230769230769
0.022675736961451247
0.2380952380952381
0.425
0.14338023088023089
0.45178571428571435
0.21458541458541458
0.13422619047619047
0.2
0.22138888888888894
0.678125
0.33245238095238094
0.2916666666666667
0.75
0.45999999999999996
0.65
0.5448979591836735
0.0019710998877665465
0.2962962962962963
-0.12040816326530611
0.21895021645021648
0.2567857142857143
-0.05000000000000001
0.18956043956043958
0.012500000000000002
0.4959259259259259
0.2857647907647908
0.20104166666666667
0.5428571428571429
0.315
0.30000000000000004
0.55375
0.309375
1.0
0.5147727272727273
0.008503496503496489
0.5916666666666667
0.26204301075268815
0.21527777777777776
0.19322390572390571
0.4833333333333334
0.1773809523809524
0.13333333333333333
0.6582539682539683
0.5178571428571429
-0.08958333333333335
0.12256944444444447
0.35959627329192545
0.2663139329805996
0.3863636363636363
0.5416666666666666
0.351
0.2
-0.07192460317460317
0.4928571428571429
0.39444444444444454
-0.012500000000000004
0.45
0.5125
0.255
-0.3125
0.2215833333333333
0.38533333333333336
0.22999999999999998
0.125
0.16516233766233768
0.2147240679217423
0.3283333333333333
0.09952020202020202
0.04726190476190476
0.5541666666666667
0.3037890625
0.3316098484848485
0.0625
0.22716942148760333
0.15999999999999998
0.1266666666666667
-0.18666666666666668
0.0
0.33249999999999996
0.37619047619047624
0.34952380952380957
0.14324074074074072
0.04832766439909298
-0.28333333333333327
0.41484848484848497
0.6
0.25675925925925924
0.34206730769230764
0.3392857142857143
0.3044565217391304
0.725
0.08166666666666667
0.44999999999999996
0.1696666666666667
0.5833333333333334
0.19999999999999998
0.04272727272727272
-0.20245098039215687
0.4498076923076924
-0.0875
0.15124999999999997
0.2015625
0.3323376623376623
0.29500000000000004
0.2245982142857143
0.40530303030303033
0.6416666666666667
0.11500000000000003
0.421875
0.6000000000000001
0.15458333333333335
0.4290178571428572
-0.009183673469387732
0.3375
0.2621212121212121
0.32416666666666666
0.5329166666666667
0.3541666666666667
-0.10833333333333334
0.528125
0.2215215773809524
0.19607142857142854
-0.10416666666666669
-0.32
0.5645647321428572
0.23839285714285716
0.11913633241758242
0.15535714285714283
0.35422222222222227
-0.19642857142857142
0.3785714285714286
0.1834967320261438
0.08020833333333333
0.24297713122605363
0.0638888888888889
0.5177083333333333
0.1625
0.4145833333333333
0.3025
0.121875
0.875
0.3482142857142857
0.01352627257799671
0.13999999999999996
0.06999999999999999
0.1285714285714286
0.25972222222222224
-0.0022727272727272848
0.62375
-0.008012820512820512
0.20833333333333334
-1.0
0.25726934523809525
0.4515625
0.03333333333333333
0.2447474747474747
0.055535714285714265
0.30735930735930733
-0.14583333333333334
-0.0888888888888889
0.25833333333333336
0.22916666666666669
0.5416666666666666
0.47101010101010105
0.23204761904761906
0.08988095238095238
0.26607142857142857
0.15416666666666667
0.17109375
0.04020812520812522
0.20332633053221288
0.032118055555555566
0.04545454545454545
0.6536538461538461
0.26285714285714284
0.27055555555555555
0.3605218855218856
0.68875
-0.028300865800865802
0.30595238095238103
0.4955
-0.18
0.3043498168498168
0.3875
0.6313205295138888
0.29509259259259263
0.08
0.0625
0.49642857142857144
0.37962962962962965
0.4
0.4666666666666667
0.6295000000000001
0.4324074074074074
0.17291666666666666
-0.45612745098039215
-0.007971014492753604
0.14146666666666668
0.0
-0.08725873161764704
0.3375
0.24027777777777778
-0.07375000000000001
0.26401360544217695
0.30526859504132225
0.2807291666666667
-0.21732954545454547
0.36200000000000004
0.08230158730158726
0.35000000000000003
-1.0
0.2402930402930403
0.25357142857142856
-0.375
-0.04166666666666666
0.21392045454545455
-0.1631444313262495
0.0425
0.18954545454545454
0.19989648033126292
-0.26280303030303026
0.17500000000000002
0.1159090909090909
0.3861111111111111
0.25653846153846155
0.21517045454545453
-0.2511904761904762
0.29583333333333334
0.23004599567099573
0.0
0.4234285714285715
0.3901515151515152
0.06427469135802467
0.44642857142857145
0.3193336640211641
0.3
0.3338333333333333
0.2816666666666667
0.10629629629629632
0.4751875
0.571875
0.06666666666666667
0.1428932178932179
0.1298148148148148
0.31448051948051947
-0.21000000000000002
0.21075174825174825
0.18226495726495726
0.22999999999999998
0.28352083333333333
0.2972222222222223
0.32875000000000004
0.1368641774891775
0.2066666666666667
0.33499999999999996
0.5145833333333333
0.125
0.024999999999999994
0.35833333333333334
0.36
0.1435714285714286
0.39999999999999997
-0.3
-0.0625
0.16876653439153436
0.43249999999999994
0.06095679012345678
0.0
0.05226436442345533
0.10411354397634885
0.36861111111111117
0.05708333333333334
0.5
0.5125
0.047466856060606064
0.1569483702571938
-0.11052905427905427
0.020833333333333343
0.4108333333333334
0.4
0.11391025641025641
0.1758241758241758
0.257037037037037
0.2149145299145299
0.17777777777777778
0.060549242424242436
0.10519480519480517
0.37777777777777777
0.14076354679802955
0.4318181818181818
-0.29111111111111115
0.30133333333333334
0.7916666666666666
0.21100000000000002
0.04291666666666667
-0.306547619047619
0.2270833333333333
